DENSITY
WJDCFIELD
 0.000000E+00 0.000000E+00 0.000000E+00 7.596540E-01 5.049560E-04 5.917740E+00 7.596540E-01
 1.000000E-01 0.000000E+00 0.000000E+00 7.596330E-01 5.049480E-04 5.917660E+00 7.596330E-01
 2.000000E-01 0.000000E+00 0.000000E+00 7.595760E-01 5.049270E-04 5.917470E+00 7.595760E-01
 3.000000E-01 0.000000E+00 0.000000E+00 7.595070E-01 5.049010E-04 5.917260E+00 7.595070E-01
 4.000000E-01 0.000000E+00 0.000000E+00 7.594520E-01 5.048810E-04 5.917130E+00 7.594520E-01
 5.000000E-01 0.000000E+00 0.000000E+00 7.594340E-01 5.048730E-04 5.917160E+00 7.594340E-01
 6.000000E-01 0.000000E+00 0.000000E+00 7.594600E-01 5.048820E-04 5.917340E+00 7.594600E-01
 7.000000E-01 0.000000E+00 0.000000E+00 7.595210E-01 5.049040E-04 5.917600E+00 7.595210E-01
 8.000000E-01 0.000000E+00 0.000000E+00 7.595940E-01 5.049310E-04 5.917820E+00 7.595940E-01
 9.000000E-01 0.000000E+00 0.000000E+00 7.596490E-01 5.049520E-04 5.917880E+00 7.596490E-01
 1.000000E+00 0.000000E+00 0.000000E+00 7.596650E-01 5.049600E-04 5.917740E+00 7.596650E-01
 1.100000E+00 0.000000E+00 0.000000E+00 7.596320E-01 5.049490E-04 5.917450E+00 7.596320E-01
 1.200000E+00 0.000000E+00 0.000000E+00 7.595630E-01 5.049250E-04 5.917120E+00 7.595630E-01
 1.300000E+00 0.000000E+00 0.000000E+00 7.594840E-01 5.048960E-04 5.916900E+00 7.594840E-01
 1.400000E+00 0.000000E+00 0.000000E+00 7.594260E-01 5.048720E-04 5.916910E+00 7.594260E-01
 1.500000E+00 0.000000E+00 0.000000E+00 7.594130E-01 5.048650E-04 5.917160E+00 7.594130E-01
 1.600000E+00 0.000000E+00 0.000000E+00 7.594540E-01 5.048780E-04 5.917580E+00 7.594540E-01
 1.700000E+00 0.000000E+00 0.000000E+00 7.595340E-01 5.049060E-04 5.917990E+00 7.595340E-01
 1.800000E+00 0.000000E+00 0.000000E+00 7.596240E-01 5.049390E-04 5.918210E+00 7.596240E-01
 1.900000E+00 0.000000E+00 0.000000E+00 7.596870E-01 5.049650E-04 5.918130E+00 7.596870E-01
 2.000000E+00 0.000000E+00 0.000000E+00 7.596960E-01 5.049720E-04 5.917740E+00 7.596960E-01
 2.100000E+00 0.000000E+00 0.000000E+00 7.596450E-01 5.049570E-04 5.917180E+00 7.596450E-01
 2.200000E+00 0.000000E+00 0.000000E+00 7.595490E-01 5.049230E-04 5.916670E+00 7.595490E-01
 2.300000E+00 0.000000E+00 0.000000E+00 7.594450E-01 5.048840E-04 5.916440E+00 7.594450E-01
 2.400000E+00 0.000000E+00 0.000000E+00 7.593750E-01 5.048550E-04 5.916620E+00 7.593750E-01
 2.500000E+00 0.000000E+00 0.000000E+00 7.593690E-01 5.048480E-04 5.917180E+00 7.593690E-01
 2.600000E+00 0.000000E+00 0.000000E+00 7.594350E-01 5.048670E-04 5.917910E+00 7.594350E-01
 2.700000E+00 0.000000E+00 0.000000E+00 7.595520E-01 5.049080E-04 5.918520E+00 7.595520E-01
 2.800000E+00 0.000000E+00 0.000000E+00 7.596750E-01 5.049550E-04 5.918750E+00 7.596750E-01
 2.900000E+00 0.000000E+00 0.000000E+00 7.597550E-01 5.049890E-04 5.918450E+00 7.597550E-01
 3.000000E+00 0.000000E+00 0.000000E+00 7.597550E-01 5.049960E-04 5.917710E+00 7.597550E-01
 3.100000E+00 0.000000E+00 0.000000E+00 7.596690E-01 5.049700E-04 5.916770E+00 7.596690E-01
 3.200000E+00 0.000000E+00 0.000000E+00 7.595260E-01 5.049200E-04 5.916030E+00 7.595260E-01
 3.300000E+00 0.000000E+00 0.000000E+00 7.593780E-01 5.048640E-04 5.915810E+00 7.593780E-01
 3.400000E+00 0.000000E+00 0.000000E+00 7.592870E-01 5.048240E-04 5.916250E+00 7.592870E-01
 3.500000E+00 0.000000E+00 0.000000E+00 7.592940E-01 5.048180E-04 5.917230E+00 7.592940E-01
 3.600000E+00 0.000000E+00 0.000000E+00 7.594050E-01 5.048510E-04 5.918410E+00 7.594050E-01
 3.700000E+00 0.000000E+00 0.000000E+00 7.595830E-01 5.049140E-04 5.919300E+00 7.595830E-01
 3.800000E+00 0.000000E+00 0.000000E+00 7.597610E-01 5.049830E-04 5.919520E+00 7.597610E-01
 3.900000E+00 0.000000E+00 0.000000E+00 7.598660E-01 5.050300E-04 5.918890E+00 7.598660E-01
 4.000000E+00 0.000000E+00 0.000000E+00 7.598490E-01 5.050340E-04 5.917610E+00 7.598490E-01
 4.100000E+00 0.000000E+00 0.000000E+00 7.597050E-01 5.049900E-04 5.916140E+00 7.597050E-01
 4.200000E+00 0.000000E+00 0.000000E+00 7.594820E-01 5.049120E-04 5.915070E+00 7.594820E-01
 4.300000E+00 0.000000E+00 0.000000E+00 7.592660E-01 5.048280E-04 5.914880E+00 7.592660E-01
 4.400000E+00 0.000000E+00 0.000000E+00 7.591450E-01 5.047730E-04 5.915750E+00 7.591450E-01
 4.500000E+00 0.000000E+00 0.000000E+00 7.591780E-01 5.047710E-04 5.917400E+00 7.591780E-01
 4.600000E+00 0.000000E+00 0.000000E+00 7.593650E-01 5.048290E-04 5.919240E+00 7.593650E-01
 4.700000E+00 0.000000E+00 0.000000E+00 7.596430E-01 5.049280E-04 5.920510E+00 7.596430E-01
 4.800000E+00 0.000000E+00 0.000000E+00 7.599060E-01 5.050310E-04 5.920650E+00 7.599060E-01
 4.900000E+00 0.000000E+00 0.000000E+00 7.600450E-01 5.050970E-04 5.919480E+00 7.600450E-01
 5.000000E+00 0.000000E+00 0.000000E+00 7.599910E-01 5.050940E-04 5.917360E+00 7.599910E-01
 5.100000E+00 0.000000E+00 0.000000E+00 7.597480E-01 5.050190E-04 5.915080E+00 7.597480E-01
 5.200000E+00 0.000000E+00 0.000000E+00 7.594000E-01 5.048950E-04 5.913570E+00 7.594000E-01
 5.300000E+00 0.000000E+00 0.000000E+00 7.590800E-01 5.047690E-04 5.913520E+00 7.590800E-01
 5.400000E+00 0.000000E+00 0.000000E+00 7.589210E-01 5.046930E-04 5.915090E+00 7.589210E-01
 5.500000E+00 0.000000E+00 0.000000E+00 7.590050E-01 5.047030E-04 5.917790E+00 7.590050E-01
 5.600000E+00 0.000000E+00 0.000000E+00 7.593190E-01 5.048020E-04 5.920610E+00 7.593190E-01
 5.700000E+00 0.000000E+00 0.000000E+00 7.597540E-01 5.049600E-04 5.922400E+00 7.597540E-01
 5.800000E+00 0.000000E+00 0.000000E+00 7.601450E-01 5.051150E-04 5.922330E+00 7.601450E-01
 5.900000E+00 0.000000E+00 0.000000E+00 7.603240E-01 5.052060E-04 5.920250E+00 7.603240E-01
 6.000000E+00 0.000000E+00 0.000000E+00 7.601990E-01 5.051880E-04 5.916820E+00 7.601990E-01
 6.100000E+00 0.000000E+00 0.000000E+00 7.597930E-01 5.050590E-04 5.913350E+00 7.597930E-01
 6.200000E+00 0.000000E+00 0.000000E+00 7.592480E-01 5.048630E-04 5.911250E+00 7.592480E-01
 6.300000E+00 0.000000E+00 0.000000E+00 7.587730E-01 5.046740E-04 5.911520E+00 7.587730E-01
 6.400000E+00 0.000000E+00 0.000000E+00 7.585720E-01 5.045720E-04 5.914280E+00 7.585720E-01
 6.500000E+00 0.000000E+00 0.000000E+00 7.587520E-01 5.046070E-04 5.918620E+00 7.587520E-01
 6.600000E+00 0.000000E+00 0.000000E+00 7.592750E-01 5.047780E-04 5.922910E+00 7.592750E-01
 6.700000E+00 0.000000E+00 0.000000E+00 7.599570E-01 5.050280E-04 5.925390E+00 7.599570E-01
 6.800000E+00 0.000000E+00 0.000000E+00 7.605330E-01 5.052640E-04 5.924850E+00 7.605330E-01
 6.900000E+00 0.000000E+00 0.000000E+00 7.607560E-01 5.053870E-04 5.921240E+00 7.607560E-01
 7.000000E+00 0.000000E+00 0.000000E+00 7.604990E-01 5.053370E-04 5.915770E+00 7.604990E-01
 7.100000E+00 0.000000E+00 0.000000E+00 7.598250E-01 5.051210E-04 5.910530E+00 7.598250E-01
 7.200000E+00 0.000000E+00 0.000000E+00 7.589720E-01 5.048130E-04 5.907690E+00 7.589720E-01
 7.300000E+00 0.000000E+00 0.000000E+00 7.582750E-01 5.045330E-04 5.908650E+00 7.582750E-01
 7.400000E+00 0.000000E+00 0.000000E+00 7.580330E-01 5.044020E-04 5.913390E+00 7.580330E-01
 7.500000E+00 0.000000E+00 0.000000E+00 7.583890E-01 5.044880E-04 5.920310E+00 7.583890E-01
 7.600000E+00 0.000000E+00 0.000000E+00 7.592520E-01 5.047800E-04 5.926800E+00 7.592520E-01
 7.700000E+00 0.000000E+00 0.000000E+00 7.603160E-01 5.051800E-04 5.930130E+00 7.603160E-01
 7.800000E+00 0.000000E+00 0.000000E+00 7.611600E-01 5.055360E-04 5.928640E+00 7.611600E-01
 7.900000E+00 0.000000E+00 0.000000E+00 7.614140E-01 5.057020E-04 5.922520E+00 7.614140E-01
 8.000000E+00 0.000000E+00 0.000000E+00 7.609190E-01 5.055950E-04 5.913880E+00 7.609190E-01
 8.100000E+00 0.000000E+00 0.000000E+00 7.598080E-01 5.052390E-04 5.906050E+00 7.598080E-01
 8.200000E+00 0.000000E+00 0.000000E+00 7.584830E-01 5.047630E-04 5.902340E+00 7.584830E-01
 8.300000E+00 0.000000E+00 0.000000E+00 7.574670E-01 5.043570E-04 5.904680E+00 7.574670E-01
 8.400000E+00 0.000000E+00 0.000000E+00 7.572040E-01 5.042030E-04 5.912710E+00 7.572040E-01
 8.500000E+00 0.000000E+00 0.000000E+00 7.578730E-01 5.043930E-04 5.923710E+00 7.578730E-01
 8.600000E+00 0.000000E+00 0.000000E+00 7.592860E-01 5.048930E-04 5.933450E+00 7.592860E-01
 8.700000E+00 0.000000E+00 0.000000E+00 7.609330E-01 5.055350E-04 5.937820E+00 7.609330E-01
 8.800000E+00 0.000000E+00 0.000000E+00 7.621560E-01 5.060810E-04 5.934550E+00 7.621560E-01
 8.900000E+00 0.000000E+00 0.000000E+00 7.624060E-01 5.063080E-04 5.924340E+00 7.624060E-01
 9.000000E+00 0.000000E+00 0.000000E+00 7.614870E-01 5.061080E-04 5.910810E+00 7.614870E-01
 9.100000E+00 0.000000E+00 0.000000E+00 7.596710E-01 5.055400E-04 5.899280E+00 7.596710E-01
 9.200000E+00 0.000000E+00 0.000000E+00 7.576220E-01 5.048230E-04 5.894720E+00 7.576220E-01
 9.300000E+00 0.000000E+00 0.000000E+00 7.561580E-01 5.042600E-04 5.899730E+00 7.561580E-01
 9.400000E+00 0.000000E+00 0.000000E+00 7.559290E-01 5.041200E-04 5.913260E+00 7.559290E-01
 9.500000E+00 0.000000E+00 0.000000E+00 7.571400E-01 5.045270E-04 5.930680E+00 7.571400E-01
 9.600000E+00 0.000000E+00 0.000000E+00 7.594330E-01 5.053970E-04 5.945290E+00 7.594330E-01
 9.700000E+00 0.000000E+00 0.000000E+00 7.619660E-01 5.064520E-04 5.950870E+00 7.619660E-01
 9.800000E+00 0.000000E+00 0.000000E+00 7.637110E-01 5.073160E-04 5.944420E+00 7.637110E-01
 9.900000E+00 0.000000E+00 0.000000E+00 7.638630E-01 5.076560E-04 5.927680E+00 7.638630E-01
 1.000000E+01 0.000000E+00 0.000000E+00 7.622050E-01 5.073350E-04 5.906810E+00 7.622050E-01
 1.010000E+01 0.000000E+00 0.000000E+00 7.592550E-01 5.064810E-04 5.890200E+00 7.592550E-01
 1.020000E+01 0.000000E+00 0.000000E+00 7.561070E-01 5.054650E-04 5.885240E+00 7.561070E-01
 1.030000E+01 0.000000E+00 0.000000E+00 7.540230E-01 5.047620E-04 5.895340E+00 7.540230E-01
 1.040000E+01 0.000000E+00 0.000000E+00 7.539410E-01 5.047720E-04 5.918140E+00 7.539410E-01
 1.050000E+01 0.000000E+00 0.000000E+00 7.560720E-01 5.056540E-04 5.945880E+00 7.560720E-01
 1.060000E+01 0.000000E+00 0.000000E+00 7.597560E-01 5.072380E-04 5.967940E+00 7.597560E-01
 1.070000E+01 0.000000E+00 0.000000E+00 7.636190E-01 5.090640E-04 5.975040E+00 7.636190E-01
 1.080000E+01 0.000000E+00 0.000000E+00 7.660610E-01 5.105400E-04 5.963340E+00 7.660610E-01
 1.090000E+01 0.000000E+00 0.000000E+00 7.659090E-01 5.111770E-04 5.936610E+00 7.659090E-01
 1.100000E+01 0.000000E+00 0.000000E+00 7.629700E-01 5.108090E-04 5.905210E+00 7.629700E-01
 1.110000E+01 0.000000E+00 0.000000E+00 7.582000E-01 5.096990E-04 5.882290E+00 7.582000E-01
 1.120000E+01 0.000000E+00 0.000000E+00 7.533840E-01 5.084650E-04 5.878790E+00 7.533840E-01
 1.130000E+01 0.000000E+00 0.000000E+00 7.504500E-01 5.078590E-04 5.899010E+00 7.504500E-01
 1.140000E+01 0.000000E+00 0.000000E+00 7.507270E-01 5.084780E-04 5.938230E+00 7.507270E-01
 1.150000E+01 0.000000E+00 0.000000E+00 7.543790E-01 5.105190E-04 5.983550E+00 7.543790E-01
 1.160000E+01 0.000000E+00 0.000000E+00 7.602290E-01 5.136700E-04 6.018130E+00 7.602290E-01
 1.170000E+01 0.000000E+00 0.000000E+00 7.660530E-01 5.171800E-04 6.027980E+00 7.660530E-01
 1.180000E+01 0.000000E+00 0.000000E+00 7.693690E-01 5.201190E-04 6.008370E+00 7.693690E-01
 1.190000E+01 0.000000E+00 0.000000E+00 7.684790E-01 5.217660E-04 5.966650E+00 7.684790E-01
 1.200000E+01 0.000000E+00 0.000000E+00 7.633190E-01 5.219440E-04 5.919800E+00 7.633190E-01
 1.210000E+01 0.000000E+00 0.000000E+00 7.556120E-01 5.211670E-04 5.887940E+00 7.556120E-01
 1.220000E+01 0.000000E+00 0.000000E+00 7.482380E-01 5.204790E-04 5.886580E+00 7.482380E-01
 1.230000E+01 0.000000E+00 0.000000E+00 7.441110E-01 5.210870E-04 5.920230E+00 7.441110E-01
 1.240000E+01 0.000000E+00 0.000000E+00 7.450710E-01 5.239010E-04 5.979290E+00 7.450710E-01
 1.250000E+01 0.000000E+00 0.000000E+00 7.511280E-01 5.291780E-04 6.041700E+00 7.511280E-01
 1.260000E+01 0.000000E+00 0.000000E+00 7.602550E-01 5.363600E-04 6.080230E+00 7.602550E-01
 1.270000E+01 0.000000E+00 0.000000E+00 7.688770E-01 5.442020E-04 6.073680E+00 7.688770E-01
 1.280000E+01 0.000000E+00 0.000000E+00 7.731390E-01 5.512080E-04 6.017170E+00 7.731390E-01
 1.290000E+01 0.000000E+00 0.000000E+00 7.706030E-01 5.562620E-04 5.925320E+00 7.706030E-01
 1.300000E+01 0.000000E+00 0.000000E+00 7.615460E-01 5.592140E-04 5.826500E+00 7.615460E-01
 1.310000E+01 0.000000E+00 1.029820E-12 7.490300E-01 5.610900E-04 5.751410E+00 7.490300E-01
 1.320000E+01 0.000000E+00 5.509950E-12 7.376640E-01 5.638090E-04 5.721380E+00 7.376640E-01
 1.330000E+01 0.000000E+00 2.899590E-11 7.317890E-01 5.695490E-04 5.739860E+00 7.317890E-01
 1.340000E+01 1.310920E-12 1.481700E-10 7.339030E-01 5.800380E-04 5.788920E+00 7.339030E-01
 1.350000E+01 4.181800E-12 7.234090E-10 7.436830E-01 5.960020E-04 5.832760E+00 7.436830E-01
 1.360000E+01 1.319690E-11 3.321520E-09 7.577370E-01 6.169170E-04 5.830250E+00 7.577370E-01
 1.370000E+01 4.079340E-11 1.418290E-08 7.703330E-01 6.411880E-04 5.753830E+00 7.703330E-01
 1.380000E+01 1.224850E-10 5.613360E-08 7.754090E-01 6.668580E-04 5.605140E+00 7.754090E-01
 1.390000E+01 3.551730E-10 2.069960E-07 7.693730E-01 6.927730E-04 5.417080E+00 7.693730E-01
 1.400000E+01 9.927040E-10 7.194520E-07 7.531700E-01 7.197700E-04 5.241020E+00 7.531700E-01
 1.410000E+01 2.681140E-09 2.389850E-06 7.320630E-01 7.513160E-04 5.128250E+00 7.320630E-01
 1.420000E+01 7.043250E-09 7.674690E-06 7.132720E-01 7.933610E-04 5.115030E+00 7.132720E-01
 1.430000E+01 1.815650E-08 2.395060E-05 7.030240E-01 8.536300E-04 5.213470E+00 7.030240E-01
 1.440000E+01 4.634100E-08 7.240390E-05 7.043390E-01 9.407710E-04 5.405950E+00 7.043390E-01
 1.450000E+01 1.178820E-07 2.097300E-04 7.157830E-01 1.063530E-03 5.642350E+00 7.157830E-01
 1.460000E+01 2.996690E-07 5.730910E-04 7.310530E-01 1.229890E-03 5.845030E+00 7.310530E-01
 1.470000E+01 7.599730E-07 1.453560E-03 7.399460E-01 1.446260E-03 5.926890E+00 7.399460E-01
 1.480000E+01 1.912410E-06 3.378150E-03 7.315460E-01 1.717470E-03 5.820480E+00 7.315460E-01
 1.490000E+01 4.740830E-06 7.142060E-03 6.989750E-01 2.048350E-03 5.504350E+00 6.989750E-01
 1.500000E+01 1.149660E-05 1.372990E-02 6.427410E-01 2.447320E-03 5.011680E+00 6.427410E-01
 1.510000E+01 2.713130E-05 2.415050E-02 5.700000E-01 2.930910E-03 4.415840E+00 5.700000E-01
 1.520000E+01 6.215510E-05 3.933310E-02 4.905420E-01 3.528270E-03 3.801210E+00 4.905420E-01
 1.530000E+01 1.382640E-04 6.021030E-02 4.127950E-01 4.285960E-03 3.234630E+00 4.127950E-01
 1.540000E+01 2.993900E-04 8.788760E-02 3.420160E-01 5.274580E-03 2.750370E+00 3.420160E-01
 1.550000E+01 6.331420E-04 1.235580E-01 2.804350E-01 6.598440E-03 2.351090E+00 2.804350E-01
 1.560000E+01 1.310710E-03 1.677960E-01 2.281900E-01 8.406780E-03 2.018300E+00 2.281900E-01
 1.570000E+01 2.654460E-03 2.191230E-01 1.843150E-01 1.090190E-02 1.725020E+00 1.843150E-01
 1.580000E+01 5.235270E-03 2.723310E-01 1.475260E-01 1.433870E-02 1.447140E+00 1.475260E-01
 1.590000E+01 9.977810E-03 3.180490E-01 1.167350E-01 1.901130E-02 1.172310E+00 1.167350E-01
 1.600000E+01 1.821950E-02 3.452530E-01 9.123130E-02 2.523470E-02 9.040210E-01 9.123130E-02
 1.610000E+01 3.166720E-02 3.464680E-01 7.054440E-02 3.333480E-02 6.578220E-01 7.054440E-02
 1.620000E+01 5.226750E-02 3.220080E-01 5.421000E-02 4.366250E-02 4.509980E-01 5.421000E-02
 1.630000E+01 8.209230E-02 2.795010E-01 4.162520E-02 5.661560E-02 2.928340E-01 4.162520E-02
 1.640000E+01 1.232910E-01 2.292870E-01 3.206770E-02 7.261770E-02 1.817500E-01 3.206770E-02
 1.650000E+01 1.779420E-01 1.798240E-01 2.480670E-02 9.199500E-02 1.088980E-01 2.480670E-02
 1.660000E+01 2.475030E-01 1.358670E-01 1.921050E-02 1.147450E-01 6.345610E-02 1.921050E-02
 1.670000E+01 3.317050E-01 9.909780E-02 1.480210E-02 1.402630E-01 3.607910E-02 1.480210E-02
 1.680000E+01 4.271940E-01 6.953810E-02 1.126120E-02 1.671600E-01 2.000300E-02 1.126120E-02
 1.690000E+01 5.266920E-01 4.662180E-02 8.391990E-03 1.932910E-01 1.078340E-02 8.391990E-03
 1.700000E+01 6.197210E-01 2.962990E-02 6.081640E-03 2.160900E-01 5.636060E-03 6.081640E-03
 1.710000E+01 6.955930E-01 1.772790E-02 4.262350E-03 2.332240E-01 2.851930E-03 4.262350E-03
 1.720000E+01 7.478120E-01 9.937820E-03 2.882480E-03 2.433900E-01 1.398070E-03 2.882480E-03
 1.730000E+01 7.771390E-01 5.209520E-03 1.886300E-03 2.468860E-01 6.659050E-04 1.886300E-03
 1.740000E+01 7.908160E-01 2.559080E-03 1.205350E-03 2.455680E-01 3.099430E-04 1.205350E-03
 1.750000E+01 7.985670E-01 1.187140E-03 7.630820E-04 2.421400E-01 1.423310E-04 7.630820E-04
 1.760000E+01 8.083160E-01 5.275420E-04 4.868620E-04 2.391820E-01 6.540430E-05 4.868620E-04
 1.770000E+01 8.237830E-01 2.290660E-04 3.180530E-04 2.384180E-01 3.061960E-05 3.180530E-04
 1.780000E+01 8.441060E-01 9.934420E-05 2.151950E-04 2.404260E-01 1.488760E-05 2.151950E-04
 1.790000E+01 8.649460E-01 4.387200E-05 1.516930E-04 2.447480E-01 7.645240E-06 1.516930E-04
 1.800000E+01 8.807900E-01 1.998000E-05 1.115480E-04 2.502950E-01 4.193990E-06 1.115480E-04
 1.810000E+01 8.878040E-01 9.426280E-06 8.546620E-05 2.559290E-01 2.469500E-06 8.546620E-05
 1.820000E+01 8.858590E-01 4.597500E-06 6.811570E-05 2.610330E-01 1.559990E-06 6.811570E-05
 1.830000E+01 8.784090E-01 2.306530E-06 5.640900E-05 2.658070E-01 1.054060E-06 5.640900E-05
 1.840000E+01 8.704450E-01 1.185520E-06 4.850530E-05 2.711290E-01 7.596260E-07 4.850530E-05
 1.850000E+01 8.660600E-01 6.240790E-07 4.325440E-05 2.781100E-01 5.829850E-07 4.325440E-05
 1.860000E+01 8.669630E-01 3.379580E-07 3.989350E-05 2.875940E-01 4.759990E-07 3.989350E-05
 1.870000E+01 8.722420E-01 1.899900E-07 3.788550E-05 2.998330E-01 4.125290E-07 3.788550E-05
 1.880000E+01 8.791090E-01 1.124470E-07 3.683250E-05 3.144030E-01 3.775210E-07 3.683250E-05
 1.890000E+01 8.842260E-01 7.140380E-08 3.643380E-05 3.303560E-01 3.617090E-07 3.643380E-05
 1.900000E+01 8.851700E-01 4.965110E-08 3.646960E-05 3.465750E-01 3.589540E-07 3.646960E-05
 1.910000E+01 8.814140E-01 3.830720E-08 3.679490E-05 3.622000E-01 3.649330E-07 3.679490E-05
 1.920000E+01 8.743500E-01 3.269010E-08 3.732950E-05 3.769270E-01 3.766180E-07 3.732950E-05
 1.930000E+01 8.664230E-01 3.028120E-08 3.803880E-05 3.910200E-01 3.921100E-07 3.803880E-05
 1.940000E+01 8.599940E-01 2.970650E-08 3.890430E-05 4.050200E-01 4.104600E-07 3.890430E-05
 1.950000E+01 8.565060E-01 3.019950E-08 3.989550E-05 4.193130E-01 4.311970E-07 3.989550E-05
 1.960000E+01 8.561930E-01 3.129440E-08 4.095030E-05 4.337560E-01 4.536240E-07 4.095030E-05
 1.970000E+01 8.582560E-01 3.264470E-08 4.196960E-05 4.475080E-01 4.761420E-07 4.196960E-05
 1.980000E+01 8.612980E-01 3.393270E-08 4.283000E-05 4.591400E-01 4.960230E-07 4.283000E-05
 1.990000E+01 8.638510E-01 3.485930E-08 4.340800E-05 4.670100E-01 5.098980E-07 4.340800E-05
 2.000000E+01 8.648330E-01 3.519690E-08 4.361200E-05 4.698020E-01 5.149010E-07 4.361200E-05
 2.010000E+01 8.638510E-01 3.485930E-08 4.340800E-05 4.670100E-01 5.098980E-07 4.340800E-05
 2.020000E+01 8.612980E-01 3.393270E-08 4.283000E-05 4.591400E-01 4.960230E-07 4.283000E-05
 2.030000E+01 8.582560E-01 3.264470E-08 4.196960E-05 4.475080E-01 4.761420E-07 4.196960E-05
 2.040000E+01 8.561930E-01 3.129440E-08 4.095030E-05 4.337560E-01 4.536240E-07 4.095030E-05
 2.050000E+01 8.565060E-01 3.019950E-08 3.989550E-05 4.193130E-01 4.311970E-07 3.989550E-05
 2.060000E+01 8.599940E-01 2.970650E-08 3.890430E-05 4.050200E-01 4.104600E-07 3.890430E-05
 2.070000E+01 8.664230E-01 3.028120E-08 3.803880E-05 3.910200E-01 3.921100E-07 3.803880E-05
 2.080000E+01 8.743500E-01 3.269010E-08 3.732950E-05 3.769270E-01 3.766180E-07 3.732950E-05
 2.090000E+01 8.814140E-01 3.830720E-08 3.679490E-05 3.622000E-01 3.649330E-07 3.679490E-05
 2.100000E+01 8.851700E-01 4.965110E-08 3.646960E-05 3.465750E-01 3.589540E-07 3.646960E-05
 2.110000E+01 8.842260E-01 7.140380E-08 3.643380E-05 3.303560E-01 3.617090E-07 3.643380E-05
 2.120000E+01 8.791090E-01 1.124470E-07 3.683250E-05 3.144030E-01 3.775210E-07 3.683250E-05
 2.130000E+01 8.722420E-01 1.899900E-07 3.788550E-05 2.998330E-01 4.125290E-07 3.788550E-05
 2.140000E+01 8.669630E-01 3.379580E-07 3.989350E-05 2.875940E-01 4.759990E-07 3.989350E-05
 2.150000E+01 8.660600E-01 6.240790E-07 4.325440E-05 2.781100E-01 5.829850E-07 4.325440E-05
 2.160000E+01 8.704450E-01 1.185520E-06 4.850530E-05 2.711290E-01 7.596260E-07 4.850530E-05
 2.170000E+01 8.784090E-01 2.306530E-06 5.640900E-05 2.658070E-01 1.054060E-06 5.640900E-05
 2.180000E+01 8.858590E-01 4.597500E-06 6.811570E-05 2.610330E-01 1.559990E-06 6.811570E-05
 2.190000E+01 8.878040E-01 9.426280E-06 8.546620E-05 2.559290E-01 2.469500E-06 8.546620E-05
 2.200000E+01 8.807900E-01 1.998000E-05 1.115480E-04 2.502950E-01 4.193990E-06 1.115480E-04
 2.210000E+01 8.649460E-01 4.387200E-05 1.516930E-04 2.447480E-01 7.645240E-06 1.516930E-04
 2.220000E+01 8.441060E-01 9.934420E-05 2.151950E-04 2.404260E-01 1.488760E-05 2.151950E-04
 2.230000E+01 8.237830E-01 2.290660E-04 3.180530E-04 2.384180E-01 3.061960E-05 3.180530E-04
 2.240000E+01 8.083160E-01 5.275420E-04 4.868620E-04 2.391820E-01 6.540430E-05 4.868620E-04
 2.250000E+01 7.985670E-01 1.187140E-03 7.630820E-04 2.421400E-01 1.423310E-04 7.630820E-04
 2.260000E+01 7.908160E-01 2.559080E-03 1.205350E-03 2.455680E-01 3.099430E-04 1.205350E-03
 2.270000E+01 7.771390E-01 5.209520E-03 1.886300E-03 2.468860E-01 6.659050E-04 1.886300E-03
 2.280000E+01 7.478120E-01 9.937820E-03 2.882480E-03 2.433900E-01 1.398070E-03 2.882480E-03
 2.290000E+01 6.955930E-01 1.772790E-02 4.262350E-03 2.332240E-01 2.851930E-03 4.262350E-03
 2.300000E+01 6.197210E-01 2.962990E-02 6.081640E-03 2.160900E-01 5.636060E-03 6.081640E-03
 2.310000E+01 5.266920E-01 4.662180E-02 8.391990E-03 1.932910E-01 1.078340E-02 8.391990E-03
 2.320000E+01 4.271940E-01 6.953810E-02 1.126120E-02 1.671600E-01 2.000300E-02 1.126120E-02
 2.330000E+01 3.317050E-01 9.909780E-02 1.480210E-02 1.402630E-01 3.607910E-02 1.480210E-02
 2.340000E+01 2.475030E-01 1.358670E-01 1.921050E-02 1.147450E-01 6.345610E-02 1.921050E-02
 2.350000E+01 1.779420E-01 1.798240E-01 2.480670E-02 9.199500E-02 1.088980E-01 2.480670E-02
 2.360000E+01 1.232910E-01 2.292870E-01 3.206770E-02 7.261770E-02 1.817500E-01 3.206770E-02
 2.370000E+01 8.209230E-02 2.795010E-01 4.162520E-02 5.661560E-02 2.928340E-01 4.162520E-02
 2.380000E+01 5.226750E-02 3.220080E-01 5.421000E-02 4.366250E-02 4.509980E-01 5.421000E-02
 2.390000E+01 3.166720E-02 3.464680E-01 7.054440E-02 3.333480E-02 6.578220E-01 7.054440E-02
 2.400000E+01 1.821950E-02 3.452530E-01 9.123130E-02 2.523470E-02 9.040210E-01 9.123130E-02
 2.410000E+01 9.977810E-03 3.180490E-01 1.167350E-01 1.901130E-02 1.172310E+00 1.167350E-01
 2.420000E+01 5.235270E-03 2.723310E-01 1.475260E-01 1.433870E-02 1.447140E+00 1.475260E-01
 2.430000E+01 2.654460E-03 2.191230E-01 1.843150E-01 1.090190E-02 1.725020E+00 1.843150E-01
 2.440000E+01 1.310710E-03 1.677960E-01 2.281900E-01 8.406780E-03 2.018300E+00 2.281900E-01
 2.450000E+01 6.331420E-04 1.235580E-01 2.804350E-01 6.598440E-03 2.351090E+00 2.804350E-01
 2.460000E+01 2.993900E-04 8.788760E-02 3.420160E-01 5.274580E-03 2.750370E+00 3.420160E-01
 2.470000E+01 1.382640E-04 6.021030E-02 4.127950E-01 4.285960E-03 3.234630E+00 4.127950E-01
 2.480000E+01 6.215510E-05 3.933310E-02 4.905420E-01 3.528270E-03 3.801210E+00 4.905420E-01
 2.490000E+01 2.713130E-05 2.415050E-02 5.700000E-01 2.930910E-03 4.415840E+00 5.700000E-01
 2.500000E+01 1.149660E-05 1.372990E-02 6.427410E-01 2.447320E-03 5.011680E+00 6.427410E-01
 2.510000E+01 4.740830E-06 7.142060E-03 6.989750E-01 2.048350E-03 5.504350E+00 6.989750E-01
 2.520000E+01 1.912410E-06 3.378150E-03 7.315460E-01 1.717470E-03 5.820480E+00 7.315460E-01
 2.530000E+01 7.599730E-07 1.453560E-03 7.399460E-01 1.446260E-03 5.926890E+00 7.399460E-01
 2.540000E+01 2.996690E-07 5.730910E-04 7.310530E-01 1.229890E-03 5.845030E+00 7.310530E-01
 2.550000E+01 1.178820E-07 2.097300E-04 7.157830E-01 1.063530E-03 5.642350E+00 7.157830E-01
 2.560000E+01 4.634100E-08 7.240390E-05 7.043390E-01 9.407710E-04 5.405950E+00 7.043390E-01
 2.570000E+01 1.815650E-08 2.395060E-05 7.030240E-01 8.536300E-04 5.213470E+00 7.030240E-01
 2.580000E+01 7.043250E-09 7.674690E-06 7.132720E-01 7.933610E-04 5.115030E+00 7.132720E-01
 2.590000E+01 2.681140E-09 2.389850E-06 7.320630E-01 7.513160E-04 5.128250E+00 7.320630E-01
 2.600000E+01 9.927040E-10 7.194520E-07 7.531700E-01 7.197700E-04 5.241020E+00 7.531700E-01
 2.610000E+01 3.551730E-10 2.069960E-07 7.693730E-01 6.927730E-04 5.417080E+00 7.693730E-01
 2.620000E+01 1.224850E-10 5.613360E-08 7.754090E-01 6.668580E-04 5.605140E+00 7.754090E-01
 2.630000E+01 4.079340E-11 1.418290E-08 7.703330E-01 6.411880E-04 5.753830E+00 7.703330E-01
 2.640000E+01 1.319690E-11 3.321520E-09 7.577370E-01 6.169170E-04 5.830250E+00 7.577370E-01
 2.650000E+01 4.181800E-12 7.234090E-10 7.436830E-01 5.960020E-04 5.832760E+00 7.436830E-01
 2.660000E+01 1.310920E-12 1.481700E-10 7.339030E-01 5.800380E-04 5.788920E+00 7.339030E-01
 2.670000E+01 0.000000E+00 2.899590E-11 7.317890E-01 5.695490E-04 5.739860E+00 7.317890E-01
 2.680000E+01 0.000000E+00 5.509950E-12 7.376640E-01 5.638090E-04 5.721380E+00 7.376640E-01
 2.690000E+01 0.000000E+00 1.029820E-12 7.490300E-01 5.610900E-04 5.751410E+00 7.490300E-01
 2.700000E+01 0.000000E+00 0.000000E+00 7.615460E-01 5.592140E-04 5.826500E+00 7.615460E-01
 2.710000E+01 0.000000E+00 0.000000E+00 7.706030E-01 5.562620E-04 5.925320E+00 7.706030E-01
 2.720000E+01 0.000000E+00 0.000000E+00 7.731390E-01 5.512080E-04 6.017170E+00 7.731390E-01
 2.730000E+01 0.000000E+00 0.000000E+00 7.688770E-01 5.442020E-04 6.073680E+00 7.688770E-01
 2.740000E+01 0.000000E+00 0.000000E+00 7.602550E-01 5.363600E-04 6.080230E+00 7.602550E-01
 2.750000E+01 0.000000E+00 0.000000E+00 7.511280E-01 5.291780E-04 6.041700E+00 7.511280E-01
 2.760000E+01 0.000000E+00 0.000000E+00 7.450710E-01 5.239010E-04 5.979290E+00 7.450710E-01
 2.770000E+01 0.000000E+00 0.000000E+00 7.441110E-01 5.210870E-04 5.920230E+00 7.441110E-01
 2.780000E+01 0.000000E+00 0.000000E+00 7.482380E-01 5.204790E-04 5.886580E+00 7.482380E-01
 2.790000E+01 0.000000E+00 0.000000E+00 7.556120E-01 5.211670E-04 5.887940E+00 7.556120E-01
 2.800000E+01 0.000000E+00 0.000000E+00 7.633190E-01 5.219440E-04 5.919800E+00 7.633190E-01
 2.810000E+01 0.000000E+00 0.000000E+00 7.684790E-01 5.217660E-04 5.966650E+00 7.684790E-01
 2.820000E+01 0.000000E+00 0.000000E+00 7.693690E-01 5.201190E-04 6.008370E+00 7.693690E-01
 2.830000E+01 0.000000E+00 0.000000E+00 7.660530E-01 5.171800E-04 6.027980E+00 7.660530E-01
 2.840000E+01 0.000000E+00 0.000000E+00 7.602290E-01 5.136700E-04 6.018130E+00 7.602290E-01
 2.850000E+01 0.000000E+00 0.000000E+00 7.543790E-01 5.105190E-04 5.983550E+00 7.543790E-01
 2.860000E+01 0.000000E+00 0.000000E+00 7.507270E-01 5.084780E-04 5.938230E+00 7.507270E-01
 2.870000E+01 0.000000E+00 0.000000E+00 7.504500E-01 5.078590E-04 5.899010E+00 7.504500E-01
 2.880000E+01 0.000000E+00 0.000000E+00 7.533840E-01 5.084650E-04 5.878790E+00 7.533840E-01
 2.890000E+01 0.000000E+00 0.000000E+00 7.582000E-01 5.096990E-04 5.882290E+00 7.582000E-01
 2.900000E+01 0.000000E+00 0.000000E+00 7.629700E-01 5.108090E-04 5.905210E+00 7.629700E-01
 2.910000E+01 0.000000E+00 0.000000E+00 7.659090E-01 5.111770E-04 5.936610E+00 7.659090E-01
 2.920000E+01 0.000000E+00 0.000000E+00 7.660610E-01 5.105400E-04 5.963340E+00 7.660610E-01
 2.930000E+01 0.000000E+00 0.000000E+00 7.636190E-01 5.090640E-04 5.975040E+00 7.636190E-01
 2.940000E+01 0.000000E+00 0.000000E+00 7.597560E-01 5.072380E-04 5.967940E+00 7.597560E-01
 2.950000E+01 0.000000E+00 0.000000E+00 7.560720E-01 5.056540E-04 5.945880E+00 7.560720E-01
 2.960000E+01 0.000000E+00 0.000000E+00 7.539410E-01 5.047720E-04 5.918140E+00 7.539410E-01
 2.970000E+01 0.000000E+00 0.000000E+00 7.540230E-01 5.047620E-04 5.895340E+00 7.540230E-01
 2.980000E+01 0.000000E+00 0.000000E+00 7.561070E-01 5.054650E-04 5.885240E+00 7.561070E-01
 2.990000E+01 0.000000E+00 0.000000E+00 7.592550E-01 5.064810E-04 5.890200E+00 7.592550E-01
 3.000000E+01 0.000000E+00 0.000000E+00 7.622050E-01 5.073350E-04 5.906810E+00 7.622050E-01
 3.010000E+01 0.000000E+00 0.000000E+00 7.638630E-01 5.076560E-04 5.927680E+00 7.638630E-01
 3.020000E+01 0.000000E+00 0.000000E+00 7.637110E-01 5.073160E-04 5.944420E+00 7.637110E-01
 3.030000E+01 0.000000E+00 0.000000E+00 7.619660E-01 5.064520E-04 5.950870E+00 7.619660E-01
 3.040000E+01 0.000000E+00 0.000000E+00 7.594330E-01 5.053970E-04 5.945290E+00 7.594330E-01
 3.050000E+01 0.000000E+00 0.000000E+00 7.571400E-01 5.045270E-04 5.930680E+00 7.571400E-01
 3.060000E+01 0.000000E+00 0.000000E+00 7.559290E-01 5.041200E-04 5.913260E+00 7.559290E-01
 3.070000E+01 0.000000E+00 0.000000E+00 7.561580E-01 5.042600E-04 5.899730E+00 7.561580E-01
 3.080000E+01 0.000000E+00 0.000000E+00 7.576220E-01 5.048230E-04 5.894720E+00 7.576220E-01
 3.090000E+01 0.000000E+00 0.000000E+00 7.596710E-01 5.055400E-04 5.899280E+00 7.596710E-01
 3.100000E+01 0.000000E+00 0.000000E+00 7.614870E-01 5.061080E-04 5.910810E+00 7.614870E-01
 3.110000E+01 0.000000E+00 0.000000E+00 7.624060E-01 5.063080E-04 5.924340E+00 7.624060E-01
 3.120000E+01 0.000000E+00 0.000000E+00 7.621560E-01 5.060810E-04 5.934550E+00 7.621560E-01
 3.130000E+01 0.000000E+00 0.000000E+00 7.609330E-01 5.055350E-04 5.937820E+00 7.609330E-01
 3.140000E+01 0.000000E+00 0.000000E+00 7.592860E-01 5.048930E-04 5.933450E+00 7.592860E-01
 3.150000E+01 0.000000E+00 0.000000E+00 7.578730E-01 5.043930E-04 5.923710E+00 7.578730E-01
 3.160000E+01 0.000000E+00 0.000000E+00 7.572040E-01 5.042030E-04 5.912710E+00 7.572040E-01
 3.170000E+01 0.000000E+00 0.000000E+00 7.574670E-01 5.043570E-04 5.904680E+00 7.574670E-01
 3.180000E+01 0.000000E+00 0.000000E+00 7.584830E-01 5.047630E-04 5.902340E+00 7.584830E-01
 3.190000E+01 0.000000E+00 0.000000E+00 7.598080E-01 5.052390E-04 5.906050E+00 7.598080E-01
 3.200000E+01 0.000000E+00 0.000000E+00 7.609190E-01 5.055950E-04 5.913880E+00 7.609190E-01
 3.210000E+01 0.000000E+00 0.000000E+00 7.614140E-01 5.057020E-04 5.922520E+00 7.614140E-01
 3.220000E+01 0.000000E+00 0.000000E+00 7.611600E-01 5.055360E-04 5.928640E+00 7.611600E-01
 3.230000E+01 0.000000E+00 0.000000E+00 7.603160E-01 5.051800E-04 5.930130E+00 7.603160E-01
 3.240000E+01 0.000000E+00 0.000000E+00 7.592520E-01 5.047800E-04 5.926800E+00 7.592520E-01
 3.250000E+01 0.000000E+00 0.000000E+00 7.583890E-01 5.044880E-04 5.920310E+00 7.583890E-01
 3.260000E+01 0.000000E+00 0.000000E+00 7.580330E-01 5.044020E-04 5.913390E+00 7.580330E-01
 3.270000E+01 0.000000E+00 0.000000E+00 7.582750E-01 5.045330E-04 5.908650E+00 7.582750E-01
 3.280000E+01 0.000000E+00 0.000000E+00 7.589720E-01 5.048130E-04 5.907690E+00 7.589720E-01
 3.290000E+01 0.000000E+00 0.000000E+00 7.598250E-01 5.051210E-04 5.910530E+00 7.598250E-01
 3.300000E+01 0.000000E+00 0.000000E+00 7.604990E-01 5.053370E-04 5.915770E+00 7.604990E-01
 3.310000E+01 0.000000E+00 0.000000E+00 7.607560E-01 5.053870E-04 5.921240E+00 7.607560E-01
 3.320000E+01 0.000000E+00 0.000000E+00 7.605330E-01 5.052640E-04 5.924850E+00 7.605330E-01
 3.330000E+01 0.000000E+00 0.000000E+00 7.599570E-01 5.050280E-04 5.925390E+00 7.599570E-01
 3.340000E+01 0.000000E+00 0.000000E+00 7.592750E-01 5.047780E-04 5.922910E+00 7.592750E-01
 3.350000E+01 0.000000E+00 0.000000E+00 7.587520E-01 5.046070E-04 5.918620E+00 7.587520E-01
 3.360000E+01 0.000000E+00 0.000000E+00 7.585720E-01 5.045720E-04 5.914280E+00 7.585720E-01
 3.370000E+01 0.000000E+00 0.000000E+00 7.587730E-01 5.046740E-04 5.911520E+00 7.587730E-01
 3.380000E+01 0.000000E+00 0.000000E+00 7.592480E-01 5.048630E-04 5.911250E+00 7.592480E-01
 3.390000E+01 0.000000E+00 0.000000E+00 7.597930E-01 5.050590E-04 5.913350E+00 7.597930E-01
 3.400000E+01 0.000000E+00 0.000000E+00 7.601990E-01 5.051880E-04 5.916820E+00 7.601990E-01
 3.410000E+01 0.000000E+00 0.000000E+00 7.603240E-01 5.052060E-04 5.920250E+00 7.603240E-01
 3.420000E+01 0.000000E+00 0.000000E+00 7.601450E-01 5.051150E-04 5.922330E+00 7.601450E-01
 3.430000E+01 0.000000E+00 0.000000E+00 7.597540E-01 5.049600E-04 5.922400E+00 7.597540E-01
 3.440000E+01 0.000000E+00 0.000000E+00 7.593190E-01 5.048020E-04 5.920610E+00 7.593190E-01
 3.450000E+01 0.000000E+00 0.000000E+00 7.590050E-01 5.047030E-04 5.917790E+00 7.590050E-01
 3.460000E+01 0.000000E+00 0.000000E+00 7.589210E-01 5.046930E-04 5.915090E+00 7.589210E-01
 3.470000E+01 0.000000E+00 0.000000E+00 7.590800E-01 5.047690E-04 5.913520E+00 7.590800E-01
 3.480000E+01 0.000000E+00 0.000000E+00 7.594000E-01 5.048950E-04 5.913570E+00 7.594000E-01
 3.490000E+01 0.000000E+00 0.000000E+00 7.597480E-01 5.050190E-04 5.915080E+00 7.597480E-01
 3.500000E+01 0.000000E+00 0.000000E+00 7.599910E-01 5.050940E-04 5.917360E+00 7.599910E-01
 3.510000E+01 0.000000E+00 0.000000E+00 7.600450E-01 5.050970E-04 5.919480E+00 7.600450E-01
 3.520000E+01 0.000000E+00 0.000000E+00 7.599060E-01 5.050310E-04 5.920650E+00 7.599060E-01
 3.530000E+01 0.000000E+00 0.000000E+00 7.596430E-01 5.049280E-04 5.920510E+00 7.596430E-01
 3.540000E+01 0.000000E+00 0.000000E+00 7.593650E-01 5.048290E-04 5.919240E+00 7.593650E-01
 3.550000E+01 0.000000E+00 0.000000E+00 7.591780E-01 5.047710E-04 5.917400E+00 7.591780E-01
 3.560000E+01 0.000000E+00 0.000000E+00 7.591450E-01 5.047730E-04 5.915750E+00 7.591450E-01
 3.570000E+01 0.000000E+00 0.000000E+00 7.592660E-01 5.048280E-04 5.914880E+00 7.592660E-01
 3.580000E+01 0.000000E+00 0.000000E+00 7.594820E-01 5.049120E-04 5.915070E+00 7.594820E-01
 3.590000E+01 0.000000E+00 0.000000E+00 7.597050E-01 5.049900E-04 5.916140E+00 7.597050E-01
 3.600000E+01 0.000000E+00 0.000000E+00 7.598490E-01 5.050340E-04 5.917610E+00 7.598490E-01
 3.610000E+01 0.000000E+00 0.000000E+00 7.598660E-01 5.050300E-04 5.918890E+00 7.598660E-01
 3.620000E+01 0.000000E+00 0.000000E+00 7.597610E-01 5.049830E-04 5.919520E+00 7.597610E-01
 3.630000E+01 0.000000E+00 0.000000E+00 7.595830E-01 5.049140E-04 5.919300E+00 7.595830E-01
 3.640000E+01 0.000000E+00 0.000000E+00 7.594050E-01 5.048510E-04 5.918410E+00 7.594050E-01
 3.650000E+01 0.000000E+00 0.000000E+00 7.592940E-01 5.048180E-04 5.917230E+00 7.592940E-01
 3.660000E+01 0.000000E+00 0.000000E+00 7.592870E-01 5.048240E-04 5.916250E+00 7.592870E-01
 3.670000E+01 0.000000E+00 0.000000E+00 7.593780E-01 5.048640E-04 5.915810E+00 7.593780E-01
 3.680000E+01 0.000000E+00 0.000000E+00 7.595260E-01 5.049200E-04 5.916030E+00 7.595260E-01
 3.690000E+01 0.000000E+00 0.000000E+00 7.596690E-01 5.049700E-04 5.916770E+00 7.596690E-01
 3.700000E+01 0.000000E+00 0.000000E+00 7.597550E-01 5.049960E-04 5.917710E+00 7.597550E-01
 3.710000E+01 0.000000E+00 0.000000E+00 7.597550E-01 5.049890E-04 5.918450E+00 7.597550E-01
 3.720000E+01 0.000000E+00 0.000000E+00 7.596750E-01 5.049550E-04 5.918750E+00 7.596750E-01
 3.730000E+01 0.000000E+00 0.000000E+00 7.595520E-01 5.049080E-04 5.918520E+00 7.595520E-01
 3.740000E+01 0.000000E+00 0.000000E+00 7.594350E-01 5.048670E-04 5.917910E+00 7.594350E-01
 3.750000E+01 0.000000E+00 0.000000E+00 7.593690E-01 5.048480E-04 5.917180E+00 7.593690E-01
 3.760000E+01 0.000000E+00 0.000000E+00 7.593750E-01 5.048550E-04 5.916620E+00 7.593750E-01
 3.770000E+01 0.000000E+00 0.000000E+00 7.594450E-01 5.048840E-04 5.916440E+00 7.594450E-01
 3.780000E+01 0.000000E+00 0.000000E+00 7.595490E-01 5.049230E-04 5.916670E+00 7.595490E-01
 3.790000E+01 0.000000E+00 0.000000E+00 7.596450E-01 5.049570E-04 5.917180E+00 7.596450E-01
 3.800000E+01 0.000000E+00 0.000000E+00 7.596960E-01 5.049720E-04 5.917740E+00 7.596960E-01
 3.810000E+01 0.000000E+00 0.000000E+00 7.596870E-01 5.049650E-04 5.918130E+00 7.596870E-01
 3.820000E+01 0.000000E+00 0.000000E+00 7.596240E-01 5.049390E-04 5.918210E+00 7.596240E-01
 3.830000E+01 0.000000E+00 0.000000E+00 7.595340E-01 5.049060E-04 5.917990E+00 7.595340E-01
 3.840000E+01 0.000000E+00 0.000000E+00 7.594540E-01 5.048780E-04 5.917580E+00 7.594540E-01
 3.850000E+01 0.000000E+00 0.000000E+00 7.594130E-01 5.048650E-04 5.917160E+00 7.594130E-01
 3.860000E+01 0.000000E+00 0.000000E+00 7.594260E-01 5.048720E-04 5.916910E+00 7.594260E-01
 3.870000E+01 0.000000E+00 0.000000E+00 7.594840E-01 5.048960E-04 5.916900E+00 7.594840E-01
 3.880000E+01 0.000000E+00 0.000000E+00 7.595630E-01 5.049250E-04 5.917120E+00 7.595630E-01
 3.890000E+01 0.000000E+00 0.000000E+00 7.596320E-01 5.049490E-04 5.917450E+00 7.596320E-01
 3.900000E+01 0.000000E+00 0.000000E+00 7.596650E-01 5.049600E-04 5.917740E+00 7.596650E-01
 3.910000E+01 0.000000E+00 0.000000E+00 7.596490E-01 5.049520E-04 5.917880E+00 7.596490E-01
 3.920000E+01 0.000000E+00 0.000000E+00 7.595940E-01 5.049310E-04 5.917820E+00 7.595940E-01
 3.930000E+01 0.000000E+00 0.000000E+00 7.595210E-01 5.049040E-04 5.917600E+00 7.595210E-01
 3.940000E+01 0.000000E+00 0.000000E+00 7.594600E-01 5.048820E-04 5.917340E+00 7.594600E-01
 3.950000E+01 0.000000E+00 0.000000E+00 7.594340E-01 5.048730E-04 5.917160E+00 7.594340E-01
 3.960000E+01 0.000000E+00 0.000000E+00 7.594520E-01 5.048810E-04 5.917130E+00 7.594520E-01
 3.970000E+01 0.000000E+00 0.000000E+00 7.595070E-01 5.049010E-04 5.917260E+00 7.595070E-01
 3.980000E+01 0.000000E+00 0.000000E+00 7.595760E-01 5.049270E-04 5.917470E+00 7.595760E-01
 3.990000E+01 0.000000E+00 0.000000E+00 7.596330E-01 5.049480E-04 5.917660E+00 7.596330E-01
 4.000000E+01 0.000000E+00 0.000000E+00 7.596540E-01 5.049560E-04 5.917740E+00 7.596540E-01
