DENSITY
HSRHOBAR
 0.000000	    0.00000000000000000	   0.00000000000000000	   0.00000000000000000	   0.00000000000000000	   0.00000000000000000	   0.00000000000000000	   0.00000000000000000	
 0.025000	    0.00000000000000000	   0.00000000000000000	   0.00000000000000000	   0.00000000000000000	   0.00000000000000000	   0.00000000000000000	   0.00000000000000000	
 0.050000	    0.00000000000000000	   0.00000000000000000	   0.00000000000000000	   0.00000000000000000	   0.00000000000000000	   0.00000000000000000	   0.00000000000000000	
 0.075000	    0.00000000000000000	   0.00000000000000000	   0.00000000000000000	   0.00000000000000000	   0.00000000000000000	   0.00000000000000000	   0.00000000000000000	
 0.100000	    0.00000000000000000	   0.00000000000000000	   0.00000000000000000	   0.00000000000000000	   0.00000000000000000	   0.00000000000000000	   0.00000000000000000	
 0.125000	    0.00000000000000000	   0.00000000000000000	   0.00000000000000000	   0.00000000000000000	   0.00000000000000000	   0.00000000000000000	   0.00000000000000000	
 0.150000	    0.00000000000000000	   0.00000000000000000	   0.00000000000000000	   0.00000000000000000	   0.00000000000000000	   0.00000000000000000	   0.00000000000000000	
 0.175000	    0.00000000000000000	   0.00000000000000000	   0.00000000000000000	   0.00000000000000000	   0.00000000000000000	   0.00000000000000000	   0.00000000000000000	
 0.200000	    0.00000000000000000	   0.00000000000000000	   0.00000000000000000	   0.00000000000000000	   0.00000000000000000	   0.00000000000000000	   0.00000000000000000	
 0.225000	    0.00000000000000000	   0.00000000000000000	   0.00000000000000000	   0.00000000000000000	   0.00000000000000000	   0.00000000000000000	   0.00000000000000000	
 0.250000	    0.00000000000000000	   0.00000000000000000	   0.00000000000000000	   0.00000000000000000	   0.00000000000000000	   0.00000000000000000	   0.00000000000000000	
 0.275000	    0.00000000000000000	   0.00000000000000000	   0.00000000000000000	   0.00000000000000000	   0.00000000000000000	   0.00000000000000000	   0.00000000000000000	
 0.300000	    0.00000000000000000	   0.00000000000000000	   0.00000000000000000	   0.00000000000000000	   0.00000000000000000	   0.00000000000000000	   0.00000000000000000	
 0.325000	    0.00000000000000000	   0.00000000000000000	   0.00000000000000000	   0.00000000000000000	   0.00000000000000000	   0.00000000000000000	   0.00000000000000000	
 0.350000	    0.00000000000000000	   0.00000000000000000	   0.00000000000000000	   0.00000000000000000	   0.00000000000000000	   0.00000000000000000	   0.00000000000000000	
 0.375000	    0.00000000000000000	   0.00000000000000000	   0.00000000000000000	   0.00000000000000000	   0.00000000000000000	   0.00000000000000000	   0.00000000000000000	
 0.400000	    0.00000000000000000	   0.00000000000000000	   0.00000000000000000	   0.00000000000000000	   0.00000000000000000	   0.00000000000000000	   0.00000000000000000	
 0.425000	    0.00000000000000000	   0.00000000000000000	   0.00000000000000000	   0.00000000000000000	   0.00000000000000000	   0.00000000000000000	   0.00000000000000000	
 0.450000	    0.00000000000000000	   0.00000000000000000	   0.00000000000000000	   0.00000000000000000	   0.00000000000000000	   0.00000000000000000	   0.00000000000000000	
 0.475000	    0.00000000000000000	   0.00000000000000000	   0.00000000000000000	   0.00000000000000000	   0.00000000000000000	   0.00000000000000000	   0.00000000000000000	
 0.500000	    0.00000000000000000	   0.00000000000000000	   0.00000000000000000	   0.00000000000000000	   0.00000000000000000	   0.00000000000000000	   0.00000000000000000	
 0.525000	    0.00000000000000000	   0.00000000000000000	   0.00000000000000000	   0.00000000000000000	   0.00000000000000000	   0.00000000000000000	   0.00000000000000000	
 0.550000	    0.00000000000000000	   0.00000000000000000	   0.00000000000000000	   0.00000000000000000	   0.00000000000000000	   0.00000000000000000	   0.00000000000000000	
 0.575000	    0.00000000000000000	   0.00000000000000000	   0.00000000000000000	   0.00000000000000000	   0.00000000000000000	   0.00000000000000000	   0.00000000000000000	
 0.600000	    0.00000000000000000	   0.00000000000000000	   0.00000000000000000	   0.00000000000000000	   0.00000000000000000	   0.00000000000000000	   0.00000000000000000	
 0.625000	    0.00000000000000000	   0.00000000000000000	   0.00000000000000000	   0.00000000000000000	   0.00000000000000000	   0.00000000000000000	   0.00000000000000000	
 0.650000	    0.00000000000000000	   0.00000000000000000	   0.00000000000000000	   0.00000000000000000	   0.00000000000000000	   0.00000000000000000	   0.00000000000000000	
 0.675000	    0.00000000000000000	   0.00000000000000000	   0.00000000000000000	   0.00000000000000000	   0.00000000000000000	   0.00000000000000000	   0.00000000000000000	
 0.700000	    0.00000000000000000	   0.00000007107809488	   0.00000863733811185	   0.00000137467505566	   0.00000274935011132	   0.00000863733811185	   0.00000137467505566	
 0.725000	    0.00000000000000000	   0.00000536669047274	   0.00061848010632772	   0.00009843416612606	   0.00019686833225212	   0.00061761637251654	   0.00009829669862049	
 0.750000	    0.00000000000000000	   0.00010000405406615	   0.00972623251016374	   0.00154797798165365	   0.00309595596330730	   0.00966438449953097	   0.00153813456504105	
 0.775000	    0.00000000000000000	   0.00081672877768301	   0.06023228296382506	   0.00958626556740252	   0.01917253113480502	   0.05925879597899741	   0.00943133030173157	
 0.800000	    0.00000000000000000	   0.00377818803762864	   0.20531238803707735	   0.03267648143410218	   0.06535296286820419	   0.19922731173006111	   0.03170801146074918	
 0.825000	    0.00000000000000000	   0.01158086026473344	   0.46727451937009173	   0.07436904953863969	   0.14873809907727864	   0.44576979358155217	   0.07094646612955793	
 0.850000	    0.00000000000000000	   0.02644568485955101	   0.80605907084046502	   0.12828828554832020	   0.25657657109663862	   0.75324654259643109	   0.11988291062110207	
 0.875000	    0.00000000000000000	   0.04901111528153265	   1.15254631950948050	   0.18343344389230462	   0.36686688778460697	   1.05043568663688602	   0.16718203192838987	
 0.900000	    0.00000000000000000	   0.07832453702765646	   1.45498086499751511	   0.23156739676847599	   0.46313479353695020	   1.28691370480253209	   0.20481867745202748	
 0.925000	    0.00000000000000000	   0.11259835831867759	   1.69354234421904626	   0.26953563541789721	   0.53907127083579365	   1.44593362484670807	   0.23012748377713599	
 0.950000	    0.00000000000000000	   0.14993903412010257	   1.87084672277686015	   0.29775450369721002	   0.59550900739441992	   1.53342532815998345	   0.24405222083897313	
 0.975000	    0.00000000000000000	   0.18873300732815088	   1.99876123229541691	   0.31811273018026370	   0.63622546036052752	   1.56406784064539961	   0.24892912816978222	
 1.000000	    0.00000000000000000	   0.22774922699491604	   2.09023235709303901	   0.33267081184198083	   0.66534162368396155	   1.55293483924661846	   0.24715725596571750	
 1.025000	    0.00000000000000000	   0.26610162058811154	   2.15601619967320524	   0.34314063556419316	   0.68628127112838577	   1.51229957231387324	   0.24068995236951302	
 1.050000	    0.00000000000000000	   0.30317008205659302	   2.20407332933667055	   0.35078916530094156	   0.70157833060188213	   1.45117419152291438	   0.23096154586825821	
 1.075000	    0.00000000000000000	   0.33852477413182841	   2.23997670951894889	   0.35650336573065849	   0.71300673146131555	   1.37585274922593492	   0.21897376600588347	
 1.100000	    0.00000000000000000	   0.37186719084084296	   2.26753191982670677	   0.36088891365907466	   0.72177782731814766	   1.29063511106104434	   0.20541095765332490	
 1.125000	    0.00000000000000000	   0.40298823955336727	   2.28932035244533960	   0.36435665041255466	   0.72871330082510744	   1.19844320016964945	   0.19073815932187199	
 1.150000	    0.00000000000000000	   0.43173970081553076	   2.30710243478200550	   0.36718675671490203	   0.73437351342980206	   1.10127359077181008	   0.17527313566789690	
 1.175000	    0.00000000000000000	   0.45801518321411877	   2.32209619988442784	   0.36957308854651127	   0.73914617709302055	   1.00050880413054322	   0.15923592178433851	
 1.200000	    0.00021994800890522	   0.48173750915556462	   2.33516368134094421	   0.37165284281407762	   0.74330568562815336	   0.89712521734231576	   0.14278191291242162	
 1.225000	    0.01530957056235897	   0.50285037250054543	   2.34693439805862525	   0.37352621056343105	   0.74705242112686021	   0.79183063417065713	   0.12602375951985095	
 1.250000	    0.21661743992205784	   0.52131282541624746	   2.35788756967916102	   0.37526946196937316	   0.75053892393874477	   0.68515566587468024	   0.10904591101137458	
 1.275000	    1.06950857379777164	   0.53709565525193947	   2.36840780956499852	   0.37694381014971690	   0.75388762029943246	   0.57751528870912339	   0.09191441290920002	
 1.300000	    2.62492596487420826	   0.55017904704249920	   2.37882393722137886	   0.37860158835410607	   0.75720317670821125	   0.46925125246040483	   0.07468365638113630	
 1.325000	    4.04588493185183395	   0.56055114246586624	   2.38943697927691945	   0.38029070645848762	   0.76058141291697468	   0.36066206469891043	   0.05740115038256068	
 1.350000	    4.58119282969706365	   0.56820723874492807	   2.40054095762788533	   0.38205795950102928	   0.76411591900205833	   0.25202457493922142	   0.04011095688221117	
 1.375000	    4.24203250534046106	   0.57314944906880272	   2.41243853748705961	   0.38395151814644735	   0.76790303629289469	   0.14360952714626204	   0.02285616612041780	
 1.400000	    3.45939995484700891	   0.57538669411051835	   2.42545289522484042	   0.38602281751158118	   0.77204563502316259	   0.03569265878746860	   0.00568066307811861	
 1.425000	    2.61551822906048104	   0.57493492843891203	   2.43993680903499133	   0.38832800398978357	   0.77665600797956746	  -0.07143749082829197	  -0.01136962978740391	
 1.450000	    1.89950069562968671	   0.57181752915053385	   2.45627953670754851	   0.39092902988247596	   0.78185805976495248	  -0.17747438063332036	  -0.02824592494996475	
 1.475000	    1.35781554165901852	   0.56606578370395066	   2.47491144095437932	   0.39389438954257455	   0.78778877908514988	  -0.28209081257965157	  -0.04489614722286026	
 1.500000	    0.97147752421580313	   0.55771940666322828	   2.49630555499647944	   0.39729936854544712	   0.79459873709089535	  -0.38493950643981678	  -0.06126502524125075	
 1.525000	    0.70369427133821061	   0.54682699009680569	   2.52097467478964754	   0.40122558090225585	   0.80245116180451315	  -0.48565813424402365	  -0.07729489271772334	
 1.550000	    0.52007048654151855	   0.53344626759127511	   2.54946334218156911	   0.40575969313978016	   0.81151938627956199	  -0.58387918673369221	  -0.09292725873714301	
 1.575000	    0.39420158221312912	   0.51764408922578009	   2.58233638855804282	   0.41099160096508375	   0.82198320193016905	  -0.67924275469379281	  -0.10810484196887342	
 1.600000	    0.30748608633336372	   0.49949606974232480	   2.62016662756451479	   0.41701247050131074	   0.83402494100262303	  -0.77140954020655861	  -0.12277364147212097	
 1.625000	    0.24735179422331549	   0.47908591740718959	   2.66352223321472925	   0.42391272945128572	   0.84782545890257310	  -0.86007357279355645	  -0.13688496053280258	
 1.650000	    0.20546521415212884	   0.45650443891951936	   2.71295282462371468	   0.43177985241398337	   0.86355970482796884	  -0.94497556646881886	  -0.15039753250457671	
 1.675000	    0.17634787890520398	   0.43184820607779734	   2.76897478060182856	   0.44069602362957905	   0.88139204725916098	  -1.02591630786881560	  -0.16327965159590704	
 1.700000	    0.15641280390526385	   0.40521797760479589	   2.83204877569393076	   0.45073456172904214	   0.90146912345808794	  -1.10275981878257467	  -0.17550967620236377	
 1.725000	    0.14332603599112848	   0.37672191484383888	   2.90198998895930327	   0.46186605154606780	   0.92373210309213560	  -1.17486901686807643	  -0.18698621152006975	
 1.750000	    0.13559418895946940	   0.34654988572491069	   2.97120613322784521	   0.47288214304816800	   0.94576428609633600	  -1.23436626980046227	  -0.19645549342464763	
 1.775000	    0.13230151989537361	   0.31536182064346197	   3.00681654202600157	   0.47854971563391785	   0.95709943126783570	  -1.24793547140916661	  -0.19861509893448348	
 1.800000	    0.13294299280674807	   0.28499807576771569	   2.95491822366842349	   0.47028984172915239	   0.94057968345830478	  -1.16016352250865262	  -0.18464575940215747	
 1.825000	    0.13731590389414519	   0.25846065774680299	   2.79116976035832787	   0.44422846436964891	   0.88845692873929782	  -0.94498960263114351	  -0.15039976642919242	
 1.850000	    0.14544458291234033	   0.23858055382810334	   2.55224788620709342	   0.40620286708570014	   0.81240573417140027	  -0.64045747039903689	  -0.10193197225413794	
 1.875000	    0.15752480035434022	   0.22669620697842377	   2.30332518390040031	   0.36658558856579754	   0.73317117713159508	  -0.31751536743100273	  -0.05053414023428346	
 1.900000	    0.17388309806682867	   0.22248642570107030	   2.09273045074965447	   0.33306839579573772	   0.66613679159147543	  -0.03246383593241173	  -0.00516677996036766	
 1.925000	    0.19494673844529542	   0.22462699994362337	   1.93803498266715790	   0.30844784737649372	   0.61689569475298744	   0.18991343567993305	   0.03022566204802608	
 1.950000	    0.22121740438528156	   0.23150220696673801	   1.83560740681885770	   0.29214599237131678	   0.58429198474263355	   0.34834133742878437	   0.05544024573503286	
 1.975000	    0.25324014123039029	   0.24162351087554168	   1.77351766226895968	   0.28226410261088747	   0.56452820522177494	   0.45227315075261060	   0.07198150757002394	
 2.000000	    0.29155649922926741	   0.25377958755602287	   1.73936367253099822	   0.27682832631778104	   0.55365665263556207	   0.51351710554640217	   0.08172878570995246	
 2.025000	    0.33663747786030795	   0.26704127466001670	   1.72325664100995546	   0.27426481263267011	   0.54852962526534021	   0.54258569699608949	   0.08635519572788894	
 2.050000	    0.38882048014385900	   0.28071367208361758	   1.71822709907159576	   0.27346433617169219	   0.54692867234338438	   0.54773681247326311	   0.08717502121851835	
 2.075000	    0.44828477190506166	   0.29428059373747967	   1.71969116118028897	   0.27369734889328423	   0.54739469778656846	   0.53511852695073792	   0.08516675870426361	
 2.100000	    0.51505435389173848	   0.30735742953338874	   1.72475929798226857	   0.27450396791758530	   0.54900793583517060	   0.50921707624596135	   0.08104441479134734	
 2.125000	    0.58898707810493123	   0.31965541041373136	   1.73166001483821375	   0.27560225111608644	   0.55120450223217288	   0.47329873666319588	   0.07532783349909687	
 2.150000	    0.66975259592754410	   0.33095578996042441	   1.73932760455318070	   0.27682258592082409	   0.55364517184164819	   0.42976041124362707	   0.06839849379462895	
 2.175000	    0.75683479856864877	   0.34109154976383943	   1.74712833859419425	   0.27806411130319658	   0.55612822260639316	   0.38038599484201163	   0.06054031136203435	
 2.200000	    0.84955124535494364	   0.34993451249566021	   1.75468555837272611	   0.27926688018698181	   0.55853376037396363	   0.32652802432160827	   0.05196854912881456	
 2.225000	    0.94701664393814944	   0.35738627012594593	   1.76177000004017414	   0.28039440409740229	   0.56078880819480459	   0.26923549679909214	   0.04285016017137767	
 2.250000	    1.04748500688230117	   0.36337180478536879	   1.76823123901044443	   0.28142274221801877	   0.56284548443603755	   0.20934448163171987	   0.03331820906069871	
 2.275000	    1.14545262055749242	   0.36783503384869087	   1.77395429580165720	   0.28233359499593591	   0.56466718999187182	   0.14754349167225603	   0.02348227602067742	
 2.300000	    1.22740209335201533	   0.37073575988050150	   1.77883130405039647	   0.28310979496622274	   0.56621958993244548	   0.08442185217592106	   0.01343615507877113	
 2.325000	    1.27358842585346377	   0.37204767486522444	   1.78274212675027210	   0.28373222173046397	   0.56746444346092795	   0.02050653163965151	   0.00326371587612087	
 2.350000	    1.26939377026362732	   0.37175717731414470	   1.78554048073806038	   0.28417759360014139	   0.56835518720028277	  -0.04370914299845363	  -0.00695652616651440	
 2.375000	    1.21506700158948777	   0.36986282790668806	   1.78704374098094898	   0.28441684489855068	   0.56883368979710136	  -0.10774278578322864	  -0.01714779693989203	
 2.400000	    1.12361461538841012	   0.36637531262078255	   1.78702533049364631	   0.28441391477849182	   0.56882782955698363	  -0.17110479214709221	  -0.02723217345692105	
 2.425000	    1.01201582144006452	   0.36131781500187254	   1.78520894270560415	   0.28412482768345315	   0.56824965536690630	  -0.23328357401211819	  -0.03712823394617262	
 2.450000	    0.89470630242178684	   0.35472672272030797	   1.78126424596595645	   0.28349700969833969	   0.56699401939667937	  -0.29373348797996129	  -0.04674913656363466	
 2.475000	    0.78150757319821462	   0.34665260333404241	   1.77480428476867336	   0.28246887494161033	   0.56493774988322065	  -0.35186539270688283	  -0.05600111655227134	
 2.500000	    0.67806128577958746	   0.33716137579070621	   1.76538553138304022	   0.28096983378252322	   0.56193966756504643	  -0.40704059446187241	  -0.06478252264767055	
 2.525000	    0.58694832015667542	   0.32633622842719423	   1.75259148479178273	   0.27893359802537654	   0.55786719605075308	  -0.45849027815151705	  -0.07297099412739198	
 2.550000	    0.50874020396658270	   0.31428069985692736	   1.73595815025917299	   0.27628632061441061	   0.55257264122882122	  -0.50541154969471513	  -0.08043874642964903	
 2.575000	    0.44281390024280004	   0.30111752049575335	   1.71490725847948577	   0.27293596713118090	   0.54587193426236180	  -0.54704689195291933	  -0.08706521695736510	
 2.600000	    0.38793281219185793	   0.28698873649392237	   1.68884325245161193	   0.26878775173506769	   0.53757550347013539	  -0.58261060258429576	  -0.09272535729903844	
 2.625000	    0.34263038012501040	   0.27205627493063900	   1.65716684568667350	   0.26374629501903818	   0.52749259003807636	  -0.61129994067743509	  -0.09729140727059618	
 2.650000	    0.30544019700845182	   0.25650220990464789	   1.61929010538442086	   0.25771802457172660	   0.51543604914345320	  -0.63230804010160635	  -0.10063495013891904	
 2.675000	    0.27501695722848352	   0.24052868494503382	   1.57465253944057304	   0.25061373530417286	   0.50122747060834572	  -0.64483816268759075	  -0.10262918108602584	
 2.700000	    0.25018674698761822	   0.22435747979046658	   1.52273653855163693	   0.24235104713713546	   0.48470209427427091	  -0.64811768406163317	  -0.10315113312368025	
 2.725000	    0.22995591857605777	   0.20822922118239520	   1.46308365702516086	   0.23285699617252159	   0.46571399234504318	  -0.64141332203071566	  -0.10208410076618209	
 2.750000	    0.21349840567317763	   0.19240196125234799	   1.39533826645480685	   0.22207498239155871	   0.44414996478311741	  -0.62407441644926065	  -0.09932452823508987	
 2.775000	    0.20013374764841077	   0.17714723817284367	   1.31943087691293126	   0.20999394612876712	   0.41998789225753425	  -0.59571921694003283	  -0.09481165807083940	
 2.800000	    0.18930276029959917	   0.16273797701814247	   1.23604247172408721	   0.19672226924641276	   0.39344453849282551	  -0.55671680693628589	  -0.08860423172624625	
 2.825000	    0.18054441867988982	   0.14942173926652666	   1.14716606264439713	   0.18257714941712272	   0.36515429883424544	  -0.50879736890378346	  -0.08097761629318774	
 2.850000	    0.17347556727498392	   0.13738334974496746	   1.05615239221582691	   0.16809187387947908	   0.33618374775895815	  -0.45517080202486704	  -0.07244268309336008	
 2.875000	    0.16777402373717906	   0.12671551189076258	   0.96692702968643474	   0.15389121638375994	   0.30778243276751988	  -0.39979719372040712	  -0.06362969961487085	
 2.900000	    0.16316505547455565	   0.11741409566124533	   0.88290692796028569	   0.14051900187495941	   0.28103800374991883	  -0.34630025184982582	  -0.05511539687586805	
 2.925000	    0.15941084583138898	   0.10939689957141852	   0.80634346278249380	   0.12833354793166962	   0.25666709586333925	  -0.29725980646771755	  -0.04731036758187742	
 2.950000	    0.15630241938103656	   0.10253233467514895	   0.73826509630564485	   0.11749853938925754	   0.23499707877851508	  -0.25409080208560081	  -0.04043980714610784	
 2.975000	    0.15365356515792719	   0.09666602124553897	   0.67875644172092586	   0.10802744285535132	   0.21605488571070264	  -0.21727020180348536	  -0.03457962660359833	
 3.000000	    0.15129648984780208	   0.09164026331596645	   0.62730128811752439	   0.09983810081181724	   0.19967620162363448	  -0.18664645438915947	  -0.02970570582661071	
 3.025000	    0.15109976609830775	   0.08730624000444721	   0.58306469904857594	   0.09279762899596919	   0.18559525799193838	  -0.16170418105001313	  -0.02573601973273638	
 3.050000	    0.15079380615130930	   0.08353051940645238	   0.54509016043687875	   0.08675379346428355	   0.17350758692856710	  -0.14175525440620890	  -0.02256104944799732	
 3.075000	    0.15025488858085700	   0.08019766495230497	   0.51242381530829506	   0.08155478316432362	   0.16310956632864723	  -0.12606402080183968	  -0.02006371205665230	
 3.100000	    0.14936977383784167	   0.07721038736097591	   0.48418427102772321	   0.07706032010140812	   0.15412064020281624	  -0.11392194654479372	  -0.01813124091925459	
 3.125000	    0.14803858359409822	   0.07448831519264373	   0.45959488207002325	   0.07314679730118091	   0.14629359460236183	  -0.10468638797427447	  -0.01666135612054173	
 3.150000	    0.14617781886853415	   0.07196611804995766	   0.43799223609271187	   0.06970862941002755	   0.13941725882005510	  -0.09779582663440835	  -0.01556468922262412	
 3.175000	    0.14372329281904642	   0.06959144393479247	   0.41882109754520885	   0.06665744794549287	   0.13331489589098575	  -0.09277105371824561	  -0.01476497177510255	
 3.200000	    0.14063264437856063	   0.06732293178468161	   0.40162281164745922	   0.06392025573215838	   0.12784051146431677	  -0.08920896007723576	  -0.01419804696437962	
 3.225000	    0.13688709057631460	   0.06512842549718335	   0.38602151760374187	   0.06143723266647064	   0.12287446533294129	  -0.08677319558412558	  -0.01381038300509341	
 3.250000	    0.13249235529007350	   0.06298343309718339	   0.37171060045402482	   0.05915957946191459	   0.11831915892382917	  -0.08518418507919703	  -0.01355748412860909	
 3.275000	    0.12747947010306693	   0.06086982873216137	   0.35844055728764868	   0.05704758649694298	   0.11409517299388597	  -0.08420980140992994	  -0.01340240615117721	
 3.300000	    0.12190694262974081	   0.05877477268129575	   0.34600870455729399	   0.05506899568311657	   0.11013799136623313	  -0.08365727154037374	  -0.01331446829123142	
 3.325000	    0.11586440388933272	   0.05668981589468194	   0.33425074831149787	   0.05319765882593989	   0.10639531765187979	  -0.08336647952076012	  -0.01326818730389824	
 3.350000	    0.10947370620477724	   0.05461015462433812	   0.32303405254905720	   0.05141246625018955	   0.10282493250037911	  -0.08320460419144365	  -0.01324242404507289	
 3.375000	    0.10288186633327481	   0.05253400387436102	   0.31225237138370238	   0.04969650839788253	   0.09939301679576505	  -0.08306191682185821	  -0.01321971464488659	
 3.400000	    0.09624542923654267	   0.05046206332719850	   0.30182178859656339	   0.04803642958798012	   0.09607285917596024	  -0.08284853057726554	  -0.01318575316927185	
 3.425000	    0.08971237666556650	   0.04839705447643246	   0.29167761135990733	   0.04642193363716603	   0.09284386727433205	  -0.08249190916017912	  -0.01312899510793011	
 3.450000	    0.08340838041034679	   0.04634331211786902	   0.28177199323376878	   0.04484540554801038	   0.08969081109602077	  -0.08193497316604936	  -0.01304035599147856	
 3.475000	    0.07743004978466043	   0.04430641702921877	   0.27207210310020263	   0.04330162008580502	   0.08660324017161004	  -0.08113466877836076	  -0.01291298359219978	
 3.500000	    0.07184408222768941	   0.04229285983890028	   0.26255869140535421	   0.04178751358890165	   0.08357502717780331	  -0.08006087789244409	  -0.01274208446485912	
 3.525000	    0.06669003317288430	   0.04031039852401632	   0.25314556716506142	   0.04028936833612092	   0.08057873667224184	  -0.07861620613725832	  -0.01251215781387606	
 3.550000	    0.06198480588067085	   0.03836980398882367	   0.24376228722172555	   0.03879597295072398	   0.07759194590144795	  -0.07671102667011057	  -0.01220893908420231	
 3.575000	    0.05772765033512198	   0.03648254194252012	   0.23443254543169731	   0.03731109842706996	   0.07462219685413993	  -0.07435048168057633	  -0.01183324668072713	
 3.600000	    0.05390497203305897	   0.03465981621823317	   0.22518966123852827	   0.03584004771930115	   0.07168009543860231	  -0.07155013204567069	  -0.01138755719394632	
 3.625000	    0.05049457224745509	   0.03291231607164436	   0.21607582681655141	   0.03438953592052248	   0.06877907184104495	  -0.06833530269174269	  -0.01087590121107175	
 3.650000	    0.04746914230146992	   0.03124998342730335	   0.20714113464647296	   0.03296753549665003	   0.06593507099330005	  -0.06474014133521584	  -0.01030371350996754	
 3.675000	    0.04479897760991757	   0.02968180742572837	   0.19844238118846461	   0.03158308588507029	   0.06316617177014058	  -0.06080637950229078	  -0.00967763586931128	
 3.700000	    0.04245397247266373	   0.02821565356928252	   0.19004165815677140	   0.03024606928903038	   0.06049213857806077	  -0.05658181279251733	  -0.00900527519502937	
 3.725000	    0.04040500258097298	   0.02685813394535519	   0.18200476682452565	   0.02896695830641106	   0.05793391661282212	  -0.05211854758528024	  -0.00829492447496752	
 3.750000	    0.03862480893929460	   0.02561452361610082	   0.17439951423317082	   0.02775654476303449	   0.05551308952606898	  -0.04747107218051159	  -0.00755525579140058	
 3.775000	    0.03708846998683978	   0.02448872712289532	   0.16729393796431144	   0.02662565717632905	   0.05325131435265810	  -0.04269417624487774	  -0.00679498919060887	
 3.800000	    0.03577350774894195	   0.02348329944833126	   0.16075442077888635	   0.02558486069083425	   0.05116972138166850	  -0.03784065695767922	  -0.00602252760465937	
 3.825000	    0.03465977408227858	   0.02259952822958189	   0.15484357717294897	   0.02464412071310620	   0.04928824142621240	  -0.03295869817400443	  -0.00524553973226663	
 3.850000	    0.03372939975254093	   0.02183758545000050	   0.14961793087830780	   0.02381243327446421	   0.04762486654892842	  -0.02808897290795418	  -0.00447049888467524	
 3.875000	    0.03296693489049922	   0.02119675085085922	   0.14512577311969388	   0.02309748416203219	   0.04619496832406438	  -0.02326191386809375	  -0.00370224857788503	
 3.900000	    0.03235953473685037	   0.02067569391662192	   0.14140582302542465	   0.02250543571647408	   0.04501087143294816	  -0.01849586918466322	  -0.00294370900752022	
 3.925000	    0.03189701443883940	   0.02027278461835656	   0.13848707989333861	   0.02204090331938707	   0.04408180663877413	  -0.01379667625221436	  -0.00219580922377848	
 3.950000	    0.03157175650868321	   0.01998639586419496	   0.13638974082305305	   0.02170710143901136	   0.04341420287802272	  -0.00915869498853531	  -0.00145765157969636	
 3.975000	    0.03137855407742267	   0.01981516508874000	   0.13512667955251523	   0.02150607899437733	   0.04301215798875466	  -0.00456695744211454	  -0.00072685385180285	
 4.000000	    0.03131446142376875	   0.01975819272649097	   0.13470492008642820	   0.02143895389055379	   0.04287790778110757	   0.00000000000000186	   0.00000000000000029	
 4.025000	    0.03137855407742274	   0.01981516508874009	   0.13512667955251598	   0.02150607899437745	   0.04301215798875491	   0.00456695744211825	   0.00072685385180344	
 4.050000	    0.03157175650868341	   0.01998639586419515	   0.13638974082305458	   0.02170710143901160	   0.04341420287802320	   0.00915869498853912	   0.00145765157969697	
 4.075000	    0.03189701443883959	   0.02027278461835685	   0.13848707989334091	   0.02204090331938743	   0.04408180663877487	   0.01379667625221832	   0.00219580922377911	
 4.100000	    0.03235953473685071	   0.02067569391662229	   0.14140582302542770	   0.02250543571647456	   0.04501087143294913	   0.01849586918466733	   0.00294370900752087	
 4.125000	    0.03296693489049993	   0.02119675085085971	   0.14512577311969777	   0.02309748416203281	   0.04619496832406561	   0.02326191386809806	   0.00370224857788572	
 4.150000	    0.03372939975254167	   0.02183758545000111	   0.14961793087831254	   0.02381243327446496	   0.04762486654892992	   0.02808897290795882	   0.00447049888467597	
 4.175000	    0.03465977408227942	   0.02259952822958260	   0.15484357717295458	   0.02464412071310709	   0.04928824142621418	   0.03295869817400932	   0.00524553973226741	
 4.200000	    0.03577350774894301	   0.02348329944833211	   0.16075442077889276	   0.02558486069083528	   0.05116972138167056	   0.03784065695768440	   0.00602252760466019	
 4.225000	    0.03708846998684084	   0.02448872712289629	   0.16729393796431868	   0.02662565717633022	   0.05325131435266044	   0.04269417624488319	   0.00679498919060973	
 4.250000	    0.03862480893929587	   0.02561452361610193	   0.17439951423317898	   0.02775654476303580	   0.05551308952607160	   0.04747107218051734	   0.00755525579140148	
 4.275000	    0.04040500258097443	   0.02685813394535646	   0.18200476682453465	   0.02896695830641251	   0.05793391661282501	   0.05211854758528624	   0.00829492447496846	
 4.300000	    0.04245397247266541	   0.02821565356928392	   0.19004165815678128	   0.03024606928903197	   0.06049213857806393	   0.05658181279252351	   0.00900527519503035	
 4.325000	    0.04479897760991954	   0.02968180742572993	   0.19844238118847529	   0.03158308588507200	   0.06316617177014400	   0.06080637950229707	   0.00967763586931229	
 4.350000	    0.04746914230147201	   0.03124998342730508	   0.20714113464648445	   0.03296753549665188	   0.06593507099330376	   0.06474014133522231	   0.01030371350996857	
 4.375000	    0.05049457224745751	   0.03291231607164624	   0.21607582681656379	   0.03438953592052445	   0.06877907184104891	   0.06833530269174934	   0.01087590121107280	
 4.400000	    0.05390497203306192	   0.03465981621823525	   0.22518966123854145	   0.03584004771930326	   0.07168009543860651	   0.07155013204567735	   0.01138755719394738	
 4.425000	    0.05772765033512526	   0.03648254194252235	   0.23443254543171133	   0.03731109842707218	   0.07462219685414437	   0.07435048168058302	   0.01183324668072820	
 4.450000	    0.06198480588067441	   0.03836980398882606	   0.24376228722174031	   0.03879597295072632	   0.07759194590145264	   0.07671102667011730	   0.01220893908420339	
 4.475000	    0.06669003317288862	   0.04031039852401888	   0.25314556716507691	   0.04028936833612337	   0.08057873667224674	   0.07861620613726497	   0.01251215781387712	
 4.500000	    0.07184408222769428	   0.04229285983890298	   0.26255869140537025	   0.04178751358890421	   0.08357502717780842	   0.08006087789245063	   0.01274208446486016	
 4.525000	    0.07743004978466560	   0.04430641702922165	   0.27207210310021918	   0.04330162008580767	   0.08660324017161534	   0.08113466877836710	   0.01291298359220080	
 4.550000	    0.08340838041035292	   0.04634331211787206	   0.28177199323378604	   0.04484540554801312	   0.08969081109602624	   0.08193497316605543	   0.01304035599147953	
 4.575000	    0.08971237666557322	   0.04839705447643564	   0.29167761135992526	   0.04642193363716886	   0.09284386727433772	   0.08249190916018488	   0.01312899510793103	
 4.600000	    0.09624542923654984	   0.05046206332720184	   0.30182178859658182	   0.04803642958798304	   0.09607285917596609	   0.08284853057727111	   0.01318575316927273	
 4.625000	    0.10288186633328303	   0.05253400387436449	   0.31225237138372136	   0.04969650839788554	   0.09939301679577107	   0.08306191682186342	   0.01321971464488741	
 4.650000	    0.10947370620478615	   0.05461015462434168	   0.32303405254907669	   0.05141246625019263	   0.10282493250038525	   0.08320460419144847	   0.01324242404507366	
 4.675000	    0.11586440388934180	   0.05668981589468564	   0.33425074831151780	   0.05319765882594304	   0.10639531765188609	   0.08336647952076455	   0.01326818730389895	
 4.700000	    0.12190694262975010	   0.05877477268129956	   0.34600870455731436	   0.05506899568311980	   0.11013799136623960	   0.08365727154037776	   0.01331446829123206	
 4.725000	    0.12747947010307695	   0.06086982873216527	   0.35844055728766944	   0.05704758649694628	   0.11409517299389256	   0.08420980140993350	   0.01340240615117777	
 4.750000	    0.13249235529008294	   0.06298343309718737	   0.37171060045404597	   0.05915957946191795	   0.11831915892383589	   0.08518418507920013	   0.01355748412860957	
 4.775000	    0.13688709057632437	   0.06512842549718741	   0.38602151760376363	   0.06143723266647409	   0.12287446533294817	   0.08677319558412841	   0.01381038300509386	
 4.800000	    0.14063264437857040	   0.06732293178468572	   0.40162281164748143	   0.06392025573216191	   0.12784051146432382	   0.08920896007723829	   0.01419804696438002	
 4.825000	    0.14372329281905558	   0.06959144393479662	   0.41882109754523172	   0.06665744794549651	   0.13331489589099302	   0.09277105371824776	   0.01476497177510290	
 4.850000	    0.14617781886854447	   0.07196611804996188	   0.43799223609273530	   0.06970862941003128	   0.13941725882006256	   0.09779582663441040	   0.01556468922262444	
 4.875000	    0.14803858359410746	   0.07448831519264801	   0.45959488207004751	   0.07314679730118477	   0.14629359460236954	   0.10468638797427648	   0.01666135612054204	
 4.900000	    0.14936977383785166	   0.07721038736098022	   0.48418427102774836	   0.07706032010141213	   0.15412064020282426	   0.11392194654479575	   0.01813124091925490	
 4.925000	    0.15025488858086633	   0.08019766495230932	   0.51242381530832093	   0.08155478316432772	   0.16310956632865545	   0.12606402080184154	   0.02006371205665262	
 4.950000	    0.15079380615131882	   0.08353051940645681	   0.54509016043690561	   0.08675379346428781	   0.17350758692857562	   0.14175525440621092	   0.02256104944799763	
 4.975000	    0.15109976609831613	   0.08730624000445172	   0.58306469904860403	   0.09279762899597363	   0.18559525799194726	   0.16170418105001558	   0.02573601973273678	
 5.000000	    0.15129648984781058	   0.09164026331597100	   0.62730128811755437	   0.09983810081182198	   0.19967620162364397	   0.18664645438916311	   0.02970570582661132	
 5.025000	    0.15365356515793460	   0.09666602124554360	   0.67875644172095817	   0.10802744285535647	   0.21605488571071296	   0.21727020180349085	   0.03457962660359919	
 5.050000	    0.15630241938104389	   0.10253233467515381	   0.73826509630568005	   0.11749853938926312	   0.23499707877852624	   0.25409080208560825	   0.04043980714610903	
 5.075000	    0.15941084583139664	   0.10939689957142355	   0.80634346278253155	   0.12833354793167562	   0.25666709586335124	   0.29725980646772665	   0.04731036758187885	
 5.100000	    0.16316505547456367	   0.11741409566125062	   0.88290692796032677	   0.14051900187496597	   0.28103800374993193	   0.34630025184983759	   0.05511539687586992	
 5.125000	    0.16777402373718511	   0.12671551189076824	   0.96692702968647948	   0.15389121638376704	   0.30778243276753409	   0.39979719372042122	   0.06362969961487311	
 5.150000	    0.17347556727499125	   0.13738334974497346	   1.05615239221587554	   0.16809187387948676	   0.33618374775897353	   0.45517080202488430	   0.07244268309336284	
 5.175000	    0.18054441867989654	   0.14942173926653313	   1.14716606264444931	   0.18257714941713099	   0.36515429883426198	   0.50879736890380300	   0.08097761629319081	
 5.200000	    0.18930276029960552	   0.16273797701814943	   1.23604247172414161	   0.19672226924642142	   0.39344453849284283	   0.55671680693630654	   0.08860423172624958	
 5.225000	    0.20013374764841607	   0.17714723817285113	   1.31943087691298677	   0.20999394612877609	   0.41998789225755218	   0.59571921694005403	   0.09481165807084273	
 5.250000	    0.21349840567318576	   0.19240196125235601	   1.39533826645486303	   0.22207498239156773	   0.44414996478313545	   0.62407441644928108	   0.09932452823509308	
 5.275000	    0.22995591857606676	   0.20822922118240367	   1.46308365702521703	   0.23285699617253056	   0.46571399234506111	   0.64141332203073476	   0.10208410076618507	
 5.300000	    0.25018674698762555	   0.22435747979047554	   1.52273653855169200	   0.24235104713714425	   0.48470209427428851	   0.64811768406164993	   0.10315113312368282	
 5.325000	    0.27501695722849379	   0.24052868494504318	   1.57465253944062589	   0.25061373530418135	   0.50122747060836270	   0.64483816268760397	   0.10262918108602799	
 5.350000	    0.30544019700846292	   0.25650220990465744	   1.61929010538447171	   0.25771802457173476	   0.51543604914346952	   0.63230804010161612	   0.10063495013892061	
 5.375000	    0.34263038012502423	   0.27205627493064882	   1.65716684568672123	   0.26374629501904590	   0.52749259003809179	   0.61129994067744142	   0.09729140727059722	
 5.400000	    0.38793281219187070	   0.28698873649393242	   1.68884325245165834	   0.26878775173507513	   0.53757550347015026	   0.58261060258429920	   0.09272535729903905	
 5.425000	    0.44281390024281170	   0.30111752049576335	   1.71490725847953063	   0.27293596713118806	   0.54587193426237612	   0.54704689195292022	   0.08706521695736523	
 5.450000	    0.50874020396660014	   0.31428069985693724	   1.73595815025921540	   0.27628632061441744	   0.55257264122883487	   0.50541154969471358	   0.08043874642964877	
 5.475000	    0.58694832015669685	   0.32633622842720422	   1.75259148479182336	   0.27893359802538303	   0.55786719605076607	   0.45849027815151278	   0.07297099412739129	
 5.500000	    0.67806128577962210	   0.33716137579071603	   1.76538553138307952	   0.28096983378252949	   0.56193966756505898	   0.40704059446186586	   0.06478252264766952	
 5.525000	    0.78150757319825681	   0.34665260333405196	   1.77480428476871177	   0.28246887494161632	   0.56493774988323264	   0.35186539270687489	   0.05600111655227008	
 5.550000	    0.89470630242182492	   0.35472672272031741	   1.78126424596599486	   0.28349700969834574	   0.56699401939669147	   0.29373348797995252	   0.04674913656363328	
 5.575000	    1.01201582144010382	   0.36131781500188176	   1.78520894270564301	   0.28412482768345931	   0.56824965536691863	   0.23328357401210911	   0.03712823394617119	
 5.600000	    1.12361461538846918	   0.36637531262079148	   1.78702533049368539	   0.28441391477849792	   0.56882782955699585	   0.17110479214708302	   0.02723217345691956	
 5.625000	    1.21506700158953818	   0.36986282790669683	   1.78704374098098873	   0.28441684489855701	   0.56883368979711402	   0.10774278578321876	   0.01714779693989048	
 5.650000	    1.26939377026368616	   0.37175717731415314	   1.78554048073810012	   0.28417759360014772	   0.56835518720029543	   0.04370914299844313	   0.00695652616651274	
 5.675000	    1.27358842585351195	   0.37204767486523260	   1.78274212675031185	   0.28373222173047030	   0.56746444346094060	  -0.02050653163966263	  -0.00326371587612265	
 5.700000	    1.22740209335205108	   0.37073575988050939	   1.77883130405043599	   0.28310979496622912	   0.56621958993245824	  -0.08442185217593341	  -0.01343615507877309	
 5.725000	    1.14545262055751662	   0.36783503384869837	   1.77395429580169672	   0.28233359499594224	   0.56466718999188448	  -0.14754349167226949	  -0.02348227602067958	
 5.750000	    1.04748500688230939	   0.36337180478537601	   1.76823123901048374	   0.28142274221802510	   0.56284548443605020	  -0.20934448163173455	  -0.03331820906070104	
 5.775000	    0.94701664393815166	   0.35738627012595281	   1.76177000004021322	   0.28039440409740862	   0.56078880819481725	  -0.26923549679910747	  -0.04285016017138011	
 5.800000	    0.84955124535493642	   0.34993451249566659	   1.75468555837276519	   0.27926688018698809	   0.55853376037397617	  -0.32652802432162448	  -0.05196854912881715	
 5.825000	    0.75683479856862701	   0.34109154976384543	   1.74712833859423289	   0.27806411130320280	   0.55612822260640560	  -0.38038599484202867	  -0.06054031136203706	
 5.850000	    0.66975259592752467	   0.33095578996043007	   1.73932760455321933	   0.27682258592083020	   0.55364517184166040	  -0.42976041124364461	  -0.06839849379463178	
 5.875000	    0.58898707810490492	   0.31965541041373657	   1.73166001483825172	   0.27560225111609249	   0.55120450223218498	  -0.47329873666321409	  -0.07532783349909981	
 5.900000	    0.51505435389173027	   0.30735742953339334	   1.72475929798230609	   0.27450396791759130	   0.54900793583518259	  -0.50921707624597967	  -0.08104441479135022	
 5.925000	    0.44828477190504351	   0.29428059373748389	   1.71969116118032628	   0.27369734889329028	   0.54739469778658056	  -0.53511852695075668	  -0.08516675870426653	
 5.950000	    0.38882048014384413	   0.28071367208362130	   1.71822709907163285	   0.27346433617169819	   0.54692867234339637	  -0.54773681247328110	  -0.08717502121852119	
 5.975000	    0.33663747786029691	   0.26704127466002009	   1.72325664100999276	   0.27426481263267610	   0.54852962526535221	  -0.54258569699610593	  -0.08635519572789160	
 6.000000	    0.29155649922925714	   0.25377958755602575	   1.73936367253103574	   0.27682832631778709	   0.55365665263557418	  -0.51351710554641661	  -0.08172878570995476	
 6.025000	    0.25324014123039396	   0.24162351087554432	   1.77351766226899699	   0.28226410261089346	   0.56452820522178693	  -0.45227315075262053	  -0.07198150757002555	
 6.050000	    0.22121740438529136	   0.23150220696674037	   1.83560740681889722	   0.29214599237132322	   0.58429198474264643	  -0.34834133742878781	  -0.05544024573503341	
 6.075000	    0.19494673844530935	   0.22462699994362581	   1.93803498266720098	   0.30844784737650077	   0.61689569475300154	  -0.18991343567992930	  -0.03022566204802543	
 6.100000	    0.17388309806684366	   0.22248642570107302	   2.09273045074970154	   0.33306839579574532	   0.66613679159149064	   0.03246383593242552	   0.00516677996036983	
 6.125000	    0.15752480035435096	   0.22669620697842693	   2.30332518390045182	   0.36658558856580570	   0.73317117713161140	   0.31751536743102665	   0.05053414023428735	
 6.150000	    0.14544458291234838	   0.23858055382810722	   2.55224788620714849	   0.40620286708570874	   0.81240573417141748	   0.64045747039907031	   0.10193197225414327	
 6.175000	    0.13731590389415291	   0.25846065774680793	   2.79116976035838515	   0.44422846436965779	   0.88845692873931559	   0.94498960263118514	   0.15039976642919894	
 6.200000	    0.13294299280675217	   0.28499807576772163	   2.95491822366848123	   0.47028984172916155	   0.94057968345832310	   1.16016352250869792	   0.18464575940216482	
 6.225000	    0.13230151989537739	   0.31536182064346896	   3.00681654202605753	   0.47854971563392673	   0.95709943126785346	   1.24793547140921257	   0.19861509893449086	
 6.250000	    0.13559418895947459	   0.34654988572491874	   2.97120613322789850	   0.47288214304817661	   0.94576428609635310	   1.23436626980050534	   0.19645549342465446	
 6.275000	    0.14332603599113550	   0.37672191484384804	   2.90198998895935656	   0.46186605154607624	   0.92373210309215248	   1.17486901686811773	   0.18698621152007627	
 6.300000	    0.15641280390526971	   0.40521797760479616	   2.83204877569409108	   0.45073456172906490	   0.90146912345812980	   1.10275981878248053	   0.17550967620235461	
 6.325000	    0.17634787890520942	   0.43184820607779717	   2.76897478060196045	   0.44069602362959831	   0.88139204725919662	   1.02591630786876009	   0.16327965159589986	
 6.350000	    0.20546521415213714	   0.45650443891951842	   2.71295282462379905	   0.43177985241399736	   0.86355970482799471	   0.94497556646880088	   0.15039753250457366	
 6.375000	    0.24735179422332165	   0.47908591740718731	   2.66352223321477011	   0.42391272945129466	   0.84782545890258931	   0.86007357279357011	   0.13688496053280383	
 6.400000	    0.30748608633337116	   0.49949606974232214	   2.62016662756452812	   0.41701247050131568	   0.83402494100263136	   0.77140954020659502	   0.12277364147212583	
 6.425000	    0.39420158221314411	   0.51764408922577876	   2.58233638855804370	   0.41099160096508591	   0.82198320193017183	   0.67924275469384432	   0.10810484196888104	
 6.450000	    0.52007048654153387	   0.53344626759127500	   2.54946334218156601	   0.40575969313978028	   0.81151938627956055	   0.58387918673375316	   0.09292725873715257	
 6.475000	    0.70369427133823537	   0.54682699009679991	   2.52097467478964044	   0.40122558090225446	   0.80245116180450893	   0.48565813424409127	   0.07729489271773439	
 6.500000	    0.97147752421583011	   0.55771940666320774	   2.49630555499646656	   0.39729936854544473	   0.79459873709088946	   0.38493950643988861	   0.06126502524126270	
 6.525000	    1.35781554165906981	   0.56606578370391547	   2.47491144095436111	   0.39389438954257189	   0.78778877908514378	   0.28209081257972379	   0.04489614722287246	
 6.550000	    1.89950069562977353	   0.57181752915050221	   2.45627953670752985	   0.39092902988247386	   0.78185805976494771	   0.17747438063338894	   0.02824592494997639	
 6.575000	    2.61551822906056319	   0.57493492843890259	   2.43993680903497845	   0.38832800398978268	   0.77665600797956535	   0.07143749082835317	   0.01136962978741435	
 6.600000	    3.45939995484713281	   0.57538669411053334	   2.42545289522483731	   0.38602281751158168	   0.77204563502316337	  -0.03569265878741630	  -0.00568066307810968	
 6.625000	    4.24203250534055343	   0.57314944906883170	   2.41243853748706627	   0.38395151814644923	   0.76790303629289847	  -0.14360952714621852	  -0.02285616612041041	
 6.650000	    4.58119282969717467	   0.56820723874495616	   2.40054095762789999	   0.38205795950103244	   0.76411591900206488	  -0.25202457493918612	  -0.04011095688220527	
 6.675000	    4.04588493185187925	   0.56055114246588555	   2.38943697927694032	   0.38029070645849178	   0.76058141291698356	  -0.36066206469888268	  -0.05740115038255615	
 6.700000	    2.62492596487426555	   0.55017904704251264	   2.37882393722140506	   0.37860158835411112	   0.75720317670822224	  -0.46925125246038479	  -0.07468365638113315	
 6.725000	    1.06950857379773723	   0.53709565525195124	   2.36840780956502961	   0.37694381014972278	   0.75388762029944556	  -0.57751528870911240	  -0.09191441290919829	
 6.750000	    0.21661743992206089	   0.52131282541625912	   2.35788756967919699	   0.37526946196937999	   0.75053892393875998	  -0.68515566587467969	  -0.10904591101137431	
 6.775000	    0.01530957056235794	   0.50285037250055742	   2.34693439805866610	   0.37352621056343865	   0.74705242112687731	  -0.79183063417066857	  -0.12602375951985215	
 6.800000	    0.00021994800890518	   0.48173750915557711	   2.33516368134098995	   0.37165284281408617	   0.74330568562817234	  -0.89712521734233985	  -0.14278191291242431	
 6.825000	    0.00000000000000000	   0.45801518321413137	   2.32209619988447891	   0.36957308854652066	   0.73914617709304131	  -1.00050880413058008	  -0.15923592178434273	
 6.850000	    0.00000000000000000	   0.43173970081554369	   2.30710243478206145	   0.36718675671491224	   0.73437351342982449	  -1.10127359077185938	  -0.17527313566790245	
 6.875000	    0.00000000000000000	   0.40298823955338020	   2.28932035244540133	   0.36435665041256560	   0.72871330082513119	  -1.19844320016970851	  -0.19073815932187899	
 6.900000	    0.00000000000000000	   0.37186719084085512	   2.26753191982677293	   0.36088891365908626	   0.72177782731817253	  -1.29063511106111095	  -0.20541095765333306	
 6.925000	    0.00000000000000000	   0.33852477413183946	   2.23997670951901995	   0.35650336573067054	   0.71300673146134108	  -1.37585274922600442	  -0.21897376600589250	
 6.950000	    0.00000000000000000	   0.30317008205660279	   2.20407332933674427	   0.35078916530095383	   0.70157833060190766	  -1.45117419152298366	  -0.23096154586826773	
 6.975000	    0.00000000000000000	   0.26610162058811959	   2.15601619967327984	   0.34314063556420532	   0.68628127112841064	  -1.51229957231393897	  -0.24068995236952259	
 7.000000	    0.00000000000000000	   0.22774922699492267	   2.09023235709311095	   0.33267081184199238	   0.66534162368398475	  -1.55293483924667863	  -0.24715725596572674	
 7.025000	    0.00000000000000000	   0.18873300732815607	   1.99876123229548330	   0.31811273018027419	   0.63622546036054839	  -1.56406784064545379	  -0.24892912816979082	
 7.050000	    0.00000000000000000	   0.14993903412010648	   1.87084672277691588	   0.29775450369721901	   0.59550900739443802	  -1.53342532816003185	  -0.24405222083898076	
 7.075000	    0.00000000000000000	   0.11259835831868042	   1.69354234421909045	   0.26953563541790437	   0.53907127083580875	  -1.44593362484675247	  -0.23012748377714284	
 7.100000	    0.00000000000000000	   0.07832453702765831	   1.45498086499754709	   0.23156739676848126	   0.46313479353696252	  -1.28691370480257183	  -0.20481867745203353	
 7.125000	    0.00000000000000000	   0.04901111528153374	   1.15254631950950204	   0.18343344389230823	   0.36686688778461646	  -1.05043568663691866	  -0.16718203192839481	
 7.150000	    0.00000000000000000	   0.02644568485955150	   0.80605907084047868	   0.12828828554832242	   0.25657657109664483	  -0.75324654259645352	  -0.11988291062110550	
 7.175000	    0.00000000000000000	   0.01158086026473359	   0.46727451937009884	   0.07436904953864083	   0.14873809907728167	  -0.44576979358156343	  -0.07094646612955965	
 7.200000	    0.00000000000000000	   0.00377818803762865	   0.20531238803707891	   0.03267648143410243	   0.06535296286820486	  -0.19922731173006369	  -0.03170801146074958	
 7.225000	    0.00000000000000000	   0.00081672877768301	   0.06023228296382439	   0.00958626556740241	   0.01917253113480482	  -0.05925879597899682	  -0.00943133030173147	
 7.250000	    0.00000000000000000	   0.00010000405406615	   0.00972623251016385	   0.00154797798165367	   0.00309595596330734	  -0.00966438449953108	  -0.00153813456504106	
 7.275000	    0.00000000000000000	   0.00000536669047274	   0.00061848010632768	   0.00009843416612605	   0.00019686833225210	  -0.00061761637251650	  -0.00009829669862049	
 7.300000	    0.00000000000000000	   0.00000007107809488	   0.00000863733811185	   0.00000137467505566	   0.00000274935011131	  -0.00000863733811185	  -0.00000137467505566	
 7.325000	    0.00000000000000000	   0.00000000000000000	   0.00000000000000000	   0.00000000000000000	   0.00000000000000000	   0.00000000000000000	   0.00000000000000000	
 7.350000	    0.00000000000000000	   0.00000000000000000	   0.00000000000000000	   0.00000000000000000	   0.00000000000000000	   0.00000000000000000	   0.00000000000000000	
 7.375000	    0.00000000000000000	   0.00000000000000000	   0.00000000000000000	   0.00000000000000000	   0.00000000000000000	   0.00000000000000000	   0.00000000000000000	
 7.400000	    0.00000000000000000	   0.00000000000000000	   0.00000000000000000	   0.00000000000000000	   0.00000000000000000	   0.00000000000000000	   0.00000000000000000	
 7.425000	    0.00000000000000000	   0.00000000000000000	   0.00000000000000000	   0.00000000000000000	   0.00000000000000000	   0.00000000000000000	   0.00000000000000000	
 7.450000	    0.00000000000000000	   0.00000000000000000	   0.00000000000000000	   0.00000000000000000	   0.00000000000000000	   0.00000000000000000	   0.00000000000000000	
 7.475000	    0.00000000000000000	   0.00000000000000000	   0.00000000000000000	   0.00000000000000000	   0.00000000000000000	   0.00000000000000000	   0.00000000000000000	
 7.500000	    0.00000000000000000	   0.00000000000000000	   0.00000000000000000	   0.00000000000000000	   0.00000000000000000	   0.00000000000000000	   0.00000000000000000	
 7.525000	    0.00000000000000000	   0.00000000000000000	   0.00000000000000000	   0.00000000000000000	   0.00000000000000000	   0.00000000000000000	   0.00000000000000000	
 7.550000	    0.00000000000000000	   0.00000000000000000	   0.00000000000000000	   0.00000000000000000	   0.00000000000000000	   0.00000000000000000	   0.00000000000000000	
 7.575000	    0.00000000000000000	   0.00000000000000000	   0.00000000000000000	   0.00000000000000000	   0.00000000000000000	   0.00000000000000000	   0.00000000000000000	
 7.600000	    0.00000000000000000	   0.00000000000000000	   0.00000000000000000	   0.00000000000000000	   0.00000000000000000	   0.00000000000000000	   0.00000000000000000	
 7.625000	    0.00000000000000000	   0.00000000000000000	   0.00000000000000000	   0.00000000000000000	   0.00000000000000000	   0.00000000000000000	   0.00000000000000000	
 7.650000	    0.00000000000000000	   0.00000000000000000	   0.00000000000000000	   0.00000000000000000	   0.00000000000000000	   0.00000000000000000	   0.00000000000000000	
 7.675000	    0.00000000000000000	   0.00000000000000000	   0.00000000000000000	   0.00000000000000000	   0.00000000000000000	   0.00000000000000000	   0.00000000000000000	
 7.700000	    0.00000000000000000	   0.00000000000000000	   0.00000000000000000	   0.00000000000000000	   0.00000000000000000	   0.00000000000000000	   0.00000000000000000	
 7.725000	    0.00000000000000000	   0.00000000000000000	   0.00000000000000000	   0.00000000000000000	   0.00000000000000000	   0.00000000000000000	   0.00000000000000000	
 7.750000	    0.00000000000000000	   0.00000000000000000	   0.00000000000000000	   0.00000000000000000	   0.00000000000000000	   0.00000000000000000	   0.00000000000000000	
 7.775000	    0.00000000000000000	   0.00000000000000000	   0.00000000000000000	   0.00000000000000000	   0.00000000000000000	   0.00000000000000000	   0.00000000000000000	
 7.800000	    0.00000000000000000	   0.00000000000000000	   0.00000000000000000	   0.00000000000000000	   0.00000000000000000	   0.00000000000000000	   0.00000000000000000	
 7.825000	    0.00000000000000000	   0.00000000000000000	   0.00000000000000000	   0.00000000000000000	   0.00000000000000000	   0.00000000000000000	   0.00000000000000000	
 7.850000	    0.00000000000000000	   0.00000000000000000	   0.00000000000000000	   0.00000000000000000	   0.00000000000000000	   0.00000000000000000	   0.00000000000000000	
 7.875000	    0.00000000000000000	   0.00000000000000000	   0.00000000000000000	   0.00000000000000000	   0.00000000000000000	   0.00000000000000000	   0.00000000000000000	
 7.900000	    0.00000000000000000	   0.00000000000000000	   0.00000000000000000	   0.00000000000000000	   0.00000000000000000	   0.00000000000000000	   0.00000000000000000	
 7.925000	    0.00000000000000000	   0.00000000000000000	   0.00000000000000000	   0.00000000000000000	   0.00000000000000000	   0.00000000000000000	   0.00000000000000000	
 7.950000	    0.00000000000000000	   0.00000000000000000	   0.00000000000000000	   0.00000000000000000	   0.00000000000000000	   0.00000000000000000	   0.00000000000000000	
 7.975000	    0.00000000000000000	   0.00000000000000000	   0.00000000000000000	   0.00000000000000000	   0.00000000000000000	   0.00000000000000000	   0.00000000000000000	
 8.000000	    0.00000000000000000	   0.00000000000000000	   0.00000000000000000	   0.00000000000000000	   0.00000000000000000	   0.00000000000000000	   0.00000000000000000	

