DENSITY
CMSFIELD
POISSON
 0.000000	    0.00000000000000000	   0.00000000000000000	   0.78114177296415510	   4.08838844123810929	   0.51626165525785583	  -0.73383063487806943	   1.24420414634939069	
 0.100000	    0.00000000000000000	   0.00000000000000000	   0.78114177284640096	   4.08838844127543233	   0.51626165554065895	  -0.73383063472735399	   1.24420414634939069	
 0.200000	    0.00000000000000000	   0.00000000000000000	   0.78114177252488493	   4.08838844138329893	   0.51626165627703113	  -0.73383063431575946	   1.24420414634939069	
 0.300000	    0.00000000000000000	   0.00000000000000000	   0.78114177208817237	   4.08838844154681968	   0.51626165717415395	  -0.73383063375669433	   1.24420414634939069	
 0.400000	    0.00000000000000000	   0.00000000000000000	   0.78114177166256116	   4.08838844173527249	   0.51626165787235578	  -0.73383063321182151	   1.24420414634939069	
 0.500000	    0.00000000000000000	   0.00000000000000000	   0.78114177138117546	   4.08838844190077300	   0.51626165808599345	  -0.73383063285164007	   1.24420414634939069	
 0.600000	    0.00000000000000000	   0.00000000000000000	   0.78114177134635976	   4.08838844198643958	   0.51626165771758459	  -0.73383063280706473	   1.24420414634939069	
 0.700000	    0.00000000000000000	   0.00000000000000000	   0.78114177159336262	   4.08838844194505757	   0.51626165690051684	  -0.73383063312327512	   1.24420414634939069	
 0.800000	    0.00000000000000000	   0.00000000000000000	   0.78114177206848889	   4.08838844176250316	   0.51626165595232532	  -0.73383063373159618	   1.24420414634939069	
 0.900000	    0.00000000000000000	   0.00000000000000000	   0.78114177263300710	   4.08838844147505576	   0.51626165525407886	  -0.73383063445409491	   1.24420414634939069	
 1.000000	    0.00000000000000000	   0.00000000000000000	   0.78114177309673949	   4.08838844116932254	   0.51626165510074218	  -0.73383063504800505	   1.24420414634939069	
 1.100000	    0.00000000000000000	   0.00000000000000000	   0.78114177328025547	   4.08838844095934828	   0.51626165557976245	  -0.73383063528283798	   1.24420414634939069	
 1.200000	    0.00000000000000000	   0.00000000000000000	   0.78114177308123922	   4.08838844094515785	   0.51626165652686939	  -0.73383063502780022	   1.24420414634939069	
 1.300000	    0.00000000000000000	   0.00000000000000000	   0.78114177252614370	   4.08838844116747069	   0.51626165757985210	  -0.73383063431714890	   1.24420414634939069	
 1.400000	    0.00000000000000000	   0.00000000000000000	   0.78114177178043198	   4.08838844157830117	   0.51626165831370019	  -0.73383063336278154	   1.24420414634939069	
 1.500000	    0.00000000000000000	   0.00000000000000000	   0.78114177110586025	   4.08838844204404595	   0.51626165840831151	  -0.73383063249923397	   1.24420414634939069	
 1.600000	    0.00000000000000000	   0.00000000000000000	   0.78114177077143621	   4.08838844238584809	   0.51626165778373456	  -0.73383063207099830	   1.24420414634939069	
 1.700000	    0.00000000000000000	   0.00000000000000000	   0.78114177094900872	   4.08838844244669808	   0.51626165664777068	  -0.73383063229826007	   1.24420414634939069	
 1.800000	    0.00000000000000000	   0.00000000000000000	   0.78114177163156728	   4.08838844216056874	   0.51626165543086278	  -0.73383063317199615	   1.24420414634939069	
 1.900000	    0.00000000000000000	   0.00000000000000000	   0.78114177261081474	   4.08838844159430437	   0.51626165462687845	  -0.73383063442598784	   1.24420414634939069	
 2.000000	    0.00000000000000000	   0.00000000000000000	   0.78114177353499037	   4.08838844093980658	   0.51626165459743945	  -0.73383063560886663	   1.24420414634939069	
 2.100000	    0.00000000000000000	   0.00000000000000000	   0.78114177402929297	   4.08838844045227212	   0.51626165541504054	  -0.73383063624134204	   1.24420414634939069	
 2.200000	    0.00000000000000000	   0.00000000000000000	   0.78114177384528261	   4.08838844035295246	   0.51626165681147329	  -0.73383063600595355	   1.24420414634939069	
 2.300000	    0.00000000000000000	   0.00000000000000000	   0.78114177297789389	   4.08838844073258301	   0.51626165825996417	  -0.73383063489591815	   1.24420414634939069	
 2.400000	    0.00000000000000000	   0.00000000000000000	   0.78114177169742927	   4.08838844149630454	   0.51626165916890621	  -0.73383063325660769	   1.24420414634939069	
 2.500000	    0.00000000000000000	   0.00000000000000000	   0.78114177047269362	   4.08838844237881016	   0.51626165911797062	  -0.73383063168846618	   1.24420414634939069	
 2.600000	    0.00000000000000000	   0.00000000000000000	   0.78114176980497585	   4.08838844303263915	   0.51626165804413005	  -0.73383063083352806	   1.24420414634939069	
 2.700000	    0.00000000000000000	   0.00000000000000000	   0.78114177002758001	   4.08838844316188865	   0.51626165629846477	  -0.73383063111866620	   1.24420414634939069	
 2.800000	    0.00000000000000000	   0.00000000000000000	   0.78114177115009487	   4.08838844265113277	   0.51626165453900263	  -0.73383063255606296	   1.24420414634939069	
 2.900000	    0.00000000000000000	   0.00000000000000000	   0.78114177281715158	   4.08838844163505311	   0.51626165348893327	  -0.73383063468989185	   1.24420414634939069	
 3.000000	    0.00000000000000000	   0.00000000000000000	   0.78114177441002164	   4.08838844047253058	   0.51626165364642385	  -0.73383063672880122	   1.24420414634939069	
 3.100000	    0.00000000000000000	   0.00000000000000000	   0.78114177527110307	   4.08838843962462128	   0.51626165505977450	  -0.73383063783137115	   1.24420414634939069	
 3.200000	    0.00000000000000000	   0.00000000000000000	   0.78114177496907855	   4.08838843947584163	   0.51626165726575668	  -0.73383063744496313	   1.24420414634939069	
 3.300000	    0.00000000000000000	   0.00000000000000000	   0.78114177350058978	   4.08838844016635417	   0.51626165943140834	  -0.73383063556480421	   1.24420414634939069	
 3.400000	    0.00000000000000000	   0.00000000000000000	   0.78114177133877161	   4.08838844150615355	   0.51626166066079993	  -0.73383063279708594	   1.24420414634939069	
 3.500000	    0.00000000000000000	   0.00000000000000000	   0.78114176929292456	   4.08838844301625404	   0.51626166035672261	  -0.73383063017802053	   1.24420414634939069	
 3.600000	    0.00000000000000000	   0.00000000000000000	   0.78114176821302705	   4.08838844409406033	   0.51626165849456696	  -0.73383062879594629	   1.24420414634939069	
 3.700000	    0.00000000000000000	   0.00000000000000000	   0.78114176864581886	   4.08838844424839820	   0.51626165568833726	  -0.73383062935014909	   1.24420414634939069	
 3.800000	    0.00000000000000000	   0.00000000000000000	   0.78114177057635192	   4.08838844331464646	   0.51626165300086246	  -0.73383063182122876	   1.24420414634939069	
 3.900000	    0.00000000000000000	   0.00000000000000000	   0.78114177337261814	   4.08838844155861647	   0.51626165155118819	  -0.73383063540086657	   1.24420414634939069	
 4.000000	    0.00000000000000000	   0.00000000000000000	   0.78114177597975465	   4.08838843961411946	   0.51626165206008912	  -0.73383063873857812	   1.24420414634939069	
 4.100000	    0.00000000000000000	   0.00000000000000000	   0.78114177730751511	   4.08838843826148413	   0.51626165451408146	  -0.73383064043843393	   1.24420414634939069	
 4.200000	    0.00000000000000000	   0.00000000000000000	   0.78114177667480766	   4.08838843812147346	   0.51626165809763980	  -0.73383063962829376	   1.24420414634939069	
 4.300000	    0.00000000000000000	   0.00000000000000000	   0.78114177413322827	   4.08838843938194074	   0.51626166144826802	  -0.73383063637467760	   1.24420414634939069	
 4.400000	    0.00000000000000000	   0.00000000000000000	   0.78114177052518408	   4.08838844167373594	   0.51626166316178801	  -0.73383063175571650	   1.24420414634939069	
 4.500000	    0.00000000000000000	   0.00000000000000000	   0.78114176722056616	   4.08838844416309044	   0.51626166236601612	  -0.73383062752550499	   1.24420414634939069	
 4.600000	    0.00000000000000000	   0.00000000000000000	   0.78114176561060455	   4.08838844584569294	   0.51626165913352851	  -0.73383062546427213	   1.24420414634939069	
 4.700000	    0.00000000000000000	   0.00000000000000000	   0.78114176653577627	   4.08838844594263673	   0.51626165454782980	  -0.73383062664845933	   1.24420414634939069	
 4.800000	    0.00000000000000000	   0.00000000000000000	   0.78114176988243511	   4.08838844424569015	   0.51626165036025928	  -0.73383063093298118	   1.24420414634939069	
 4.900000	    0.00000000000000000	   0.00000000000000000	   0.78114177452913902	   4.08838844126387180	   0.51626164833701316	  -0.73383063688157035	   1.24420414634939069	
 5.000000	    0.00000000000000000	   0.00000000000000000	   0.78114177870051837	   4.08838843808967844	   0.51626164953371156	  -0.73383064222164873	   1.24420414634939069	
 5.100000	    0.00000000000000000	   0.00000000000000000	   0.78114178063014195	   4.08838843601046253	   0.51626165378793010	  -0.73383064469180725	   1.24420414634939069	
 5.200000	    0.00000000000000000	   0.00000000000000000	   0.78114177928824524	   4.08838843599833268	   0.51626165966113258	  -0.73383064297413603	   1.24420414634939069	
 5.300000	    0.00000000000000000	   0.00000000000000000	   0.78114177488434966	   4.08838843827612486	   0.51626166489981407	  -0.73383063733629772	   1.24420414634939069	
 5.400000	    0.00000000000000000	   0.00000000000000000	   0.78114176890998555	   4.08838844214641828	   0.51626166727983880	  -0.73383062968811885	   1.24420414634939069	
 5.500000	    0.00000000000000000	   0.00000000000000000	   0.78114176366052324	   4.08838844618208341	   0.51626166552552943	  -0.73383062296772605	   1.24420414634939069	
 5.600000	    0.00000000000000000	   0.00000000000000000	   0.78114176137308311	   4.08838844873768892	   0.51626165993280593	  -0.73383062003934041	   1.24420414634939069	
 5.700000	    0.00000000000000000	   0.00000000000000000	   0.78114176329952800	   4.08838844860488493	   0.51626165240951283	  -0.73383062250571485	   1.24420414634939069	
 5.800000	    0.00000000000000000	   0.00000000000000000	   0.78114176908782373	   4.08838844555635816	   0.51626164585610779	  -0.73383062991564496	   1.24420414634939069	
 5.900000	    0.00000000000000000	   0.00000000000000000	   0.78114177675785357	   4.08838844054251016	   0.51626164307347955	  -0.73383063973458684	   1.24420414634939069	
 6.000000	    0.00000000000000000	   0.00000000000000000	   0.78114178334739759	   4.08838843542330732	   0.51626164559894350	  -0.73383064817046728	   1.24420414634939069	
 6.100000	    0.00000000000000000	   0.00000000000000000	   0.78114178602951945	   4.08838843229708271	   0.51626165294189374	  -0.73383065160420857	   1.24420414634939069	
 6.200000	    0.00000000000000000	   0.00000000000000000	   0.78114178329142359	   4.08838843266062657	   0.51626166257596651	  -0.73383064809875809	   1.24420414634939069	
 6.300000	    0.00000000000000000	   0.00000000000000000	   0.78114177569440391	   4.08838843672928576	   0.51626167076882679	  -0.73383063837317242	   1.24420414634939069	
 6.400000	    0.00000000000000000	   0.00000000000000000	   0.78114176586057182	   4.08838844321406736	   0.51626167399480827	  -0.73383062578407454	   1.24420414634939069	
 6.500000	    0.00000000000000000	   0.00000000000000000	   0.78114175760725990	   4.08838844969545701	   0.51626167040884752	  -0.73383061521851067	   1.24420414634939069	
 6.600000	    0.00000000000000000	   0.00000000000000000	   0.78114175449959988	   4.08838845350237090	   0.51626166078120928	  -0.73383061124027438	   1.24420414634939069	
 6.700000	    0.00000000000000000	   0.00000000000000000	   0.78114175835507627	   4.08838845278666163	   0.51626164845155287	  -0.73383061617581780	   1.24420414634939069	
 6.800000	    0.00000000000000000	   0.00000000000000000	   0.78114176831173887	   4.08838844737078944	   0.51626163821995297	  -0.73383062892207351	   1.24420414634939069	
 6.900000	    0.00000000000000000	   0.00000000000000000	   0.78114178090411601	   4.08838843899557869	   0.51626163452077412	  -0.73383064504273054	   1.24420414634939069	
 7.000000	    0.00000000000000000	   0.00000000000000000	   0.78114179121934801	   4.08838843080320125	   0.51626163955756454	  -0.73383065824811866	   1.24420414634939069	
 7.100000	    0.00000000000000000	   0.00000000000000000	   0.78114179476998480	   4.08838842618859299	   0.51626165216319375	  -0.73383066279338494	   1.24420414634939069	
 7.200000	    0.00000000000000000	   0.00000000000000000	   0.78114178938723500	   4.08838842742675013	   0.51626166793028383	  -0.73383065590249907	   1.24420414634939069	
 7.300000	    0.00000000000000000	   0.00000000000000000	   0.78114177635728566	   4.08838843461826240	   0.51626168069037703	  -0.73383063922188585	   1.24420414634939069	
 7.400000	    0.00000000000000000	   0.00000000000000000	   0.78114176025128801	   4.08838844542088875	   0.51626168487233848	  -0.73383061860348242	   1.24420414634939069	
 7.500000	    0.00000000000000000	   0.00000000000000000	   0.78114174738487607	   4.08838845575986287	   0.51626167786024413	  -0.73383060213214268	   1.24420414634939069	
 7.600000	    0.00000000000000000	   0.00000000000000000	   0.78114174339728382	   4.08838846132633993	   0.51626166137869867	  -0.73383059702713260	   1.24420414634939069	
 7.700000	    0.00000000000000000	   0.00000000000000000	   0.78114175085716553	   4.08838845932868722	   0.51626164123388540	  -0.73383060657706078	   1.24420414634939069	
 7.800000	    0.00000000000000000	   0.00000000000000000	   0.78114176788415757	   4.08838844980120886	   0.51626162534579600	  -0.73383062837477187	   1.24420414634939069	
 7.900000	    0.00000000000000000	   0.00000000000000000	   0.78114178845987614	   4.08838843588472134	   0.51626162070488091	  -0.73383065471536946	   1.24420414634939069	
 8.000000	    0.00000000000000000	   0.00000000000000000	   0.78114180447596593	   4.08838842285621062	   0.51626163039461859	  -0.73383067521872825	   1.24420414634939069	
 8.100000	    0.00000000000000000	   0.00000000000000000	   0.78114180885738527	   4.08838841617708404	   0.51626165191416074	  -0.73383068082776215	   1.24420414634939069	
 8.200000	    0.00000000000000000	   0.00000000000000000	   0.78114179858599264	   4.08838841926174723	   0.51626167762739705	  -0.73383066767857030	   1.24420414634939069	
 8.300000	    0.00000000000000000	   0.00000000000000000	   0.78114177636683357	   4.08838843185703382	   0.51626169737493000	  -0.73383063923415781	   1.24420414634939069	
 8.400000	    0.00000000000000000	   0.00000000000000000	   0.78114175011042442	   4.08838844976414340	   0.51626170239771618	  -0.73383060562124902	   1.24420414634939069	
 8.500000	    0.00000000000000000	   0.00000000000000000	   0.78114173021531319	   4.08838846615757046	   0.51626168909239767	  -0.73383058015197777	   1.24420414634939069	
 8.600000	    0.00000000000000000	   0.00000000000000000	   0.78114172554276107	   4.08838847412402462	   0.51626166103291526	  -0.73383057417026620	   1.24420414634939069	
 8.700000	    0.00000000000000000	   0.00000000000000000	   0.78114173960475908	   4.08838846950220969	   0.51626162824537858	  -0.73383059217212077	   1.24420414634939069	
 8.800000	    0.00000000000000000	   0.00000000000000000	   0.78114176855932471	   4.08838845288452291	   0.51626160374861130	  -0.73383062923909781	   1.24420414634939069	
 8.900000	    0.00000000000000000	   0.00000000000000000	   0.78114180202647798	   4.08838842986925943	   0.51626159850236453	  -0.73383067208299357	   1.24420414634908627	
 9.000000	    0.00000000000000000	   0.00000000000000000	   0.78114182668670229	   4.08838840927248448	   0.51626161667142889	  -0.73383070365245151	   1.24420414634847720	
 9.100000	    0.00000000000000000	   0.00000000000000000	   0.78114183145956873	   4.08838839983470947	   0.51626165320921125	  -0.73383070976256959	   1.24420414634786791	
 9.200000	    0.00000000000000000	   0.00000000000000000	   0.78114181230576574	   4.08838840660811975	   0.51626169497248653	  -0.73383068524230655	   1.24420414634725907	
 9.300000	    0.00000000000000000	   0.00000000000000000	   0.78114177462468126	   4.08838842849103390	   0.51626172529545900	  -0.73383063700383755	   1.24420414634665000	
 9.400000	    0.00000000000000000	   0.00000000000000000	   0.78114173201317028	   4.08838845804050699	   0.51626173049055823	  -0.73383058245354493	   1.24420414634604071	
 9.500000	    0.00000000000000000	   0.00000000000000000	   0.78114170151679929	   4.08838848387859866	   0.51626170579905117	  -0.73383054341277754	   1.24420414634543186	
 9.600000	    0.00000000000000000	   0.00000000000000000	   0.78114169696507563	   4.08838849497098344	   0.51626165828227777	  -0.73383053758576244	   1.24420414634482279	
 9.700000	    0.00000000000000000	   0.00000000000000000	   0.78114172293734752	   4.08838848520992659	   0.51626160514319841	  -0.73383057083486281	   1.24420414634421372	
 9.800000	    0.00000000000000000	   0.00000000000000000	   0.78114177191176370	   4.08838845644462534	   0.51626156769392573	  -0.73383063353077949	   1.24420414634360466	
 9.900000	    0.00000000000000000	   0.00000000000000000	   0.78114182610370930	   4.08838841854840496	   0.51626156300143844	  -0.73383070290618346	   1.24420414634299559	
10.000000	    0.00000000000000000	   0.00000000000000000	   0.78114186372542049	   4.08838838618622447	   0.51626159641228764	  -0.73383075106875228	   1.24420414634238652	
10.100000	    0.00000000000000000	   0.00000000000000000	   0.78114186754689485	   4.08838837327080640	   0.51626165812820468	  -0.73383075596098091	   1.24420414634177745	
10.200000	    0.00000000000000000	   0.00000000000000000	   0.78114183247124103	   4.08838838715097275	   0.51626172566593143	  -0.73383071105786135	   1.24420414634116838	
10.300000	    0.00000000000000000	   0.00000000000000000	   0.78114176889924980	   4.08838842489920662	   0.51626177180054322	  -0.73383062967431056	   1.24420414634055931	
10.400000	    0.00000000000000000	   0.00000000000000000	   0.78114170005844286	   4.08838847344718381	   0.51626177529054473	  -0.73383054154579674	   1.24420414633995025	
10.500000	    0.00000000000000000	   0.00000000000000000	   0.78114165376809452	   4.08838851391431657	   0.51626173025454891	  -0.73383048228588876	   1.24420414633934140	
10.600000	    0.00000000000000000	   0.00000000000000000	   0.78114165145355619	   4.08838852878256453	   0.51626165019522019	  -0.73383047932291456	   1.24420414633873211	
10.700000	    0.00000000000000000	   0.00000000000000000	   0.78114169865105909	   4.08838850925738662	   0.51626156445477744	  -0.73383053974416657	   1.24420414633812304	
10.800000	    0.00000000000000000	   0.00000000000000000	   0.78114178107054466	   4.08838845980092014	   0.51626150777375035	  -0.73383064525572594	   1.24420414633751419	
10.900000	    0.00000000000000000	   0.00000000000000000	   0.78114186841830124	   4.08838839767458673	   0.51626150653747882	  -0.73383075707629930	   1.24420414633690513	
11.000000	    0.00000000000000000	   0.00000000000000000	   0.78114192521305981	   4.08838834715959276	   0.51626156703245152	  -0.73383082978367697	   1.24420414633629584	
11.100000	    0.00000000000000000	   0.00000000000000000	   0.78114192486692580	   4.08838833028245396	   0.51626167076156049	  -0.73383082934049726	   1.24420414633568699	
11.200000	    0.00000000000000000	   0.00000000000000000	   0.78114186156832655	   4.08838835750318097	   0.51626177948412577	  -0.73383074830700556	   1.24420414633507792	
11.300000	    0.00000000000000000	   0.00000000000000000	   0.78114175484191894	   4.08838842219957854	   0.51626184891728144	  -0.73383061167834862	   1.24420414633446885	
11.400000	    0.00000000000000000	   0.00000000000000000	   0.78114164414305953	   4.08838850161614697	   0.51626184635469385	  -0.73383046996422019	   1.24420414633385978	
11.500000	    0.00000000000000000	   0.00000000000000000	   0.78114157467520562	   4.08838856456022093	   0.51626176535063861	  -0.73383038103314668	   1.24420414633325072	
11.600000	    0.00000000000000000	   0.00000000000000000	   0.78114157936149020	   4.08838858337690070	   0.51626163111248957	  -0.73383038703243419	   1.24420414633264143	
11.700000	    0.00000000000000000	   0.00000000000000000	   0.78114166399770124	   4.08838854571394172	   0.51626149341118521	  -0.73383049538168876	   1.24420414633203258	
11.800000	    0.00000000000000000	   0.00000000000000000	   0.78114180203717476	   4.08838846120651045	   0.51626140863079606	  -0.73383067209656150	   1.24420414633142351	
11.900000	    0.00000000000000000	   0.00000000000000000	   0.78114194216024346	   4.08838835979778992	   0.51626141722243279	  -0.73383085147895855	   1.24420414633081444	
12.000000	    0.00000000000000000	   0.00000000000000000	   0.78114202684133760	   4.08838828151589606	   0.51626152537467995	  -0.73383095988574243	   1.24420414633020537	
12.100000	    0.00000000000000000	   0.00000000000000000	   0.78114201540735817	   4.08838826102963715	   0.51626169889334506	  -0.73383094524822523	   1.24420414632959631	
12.200000	    0.00000000000000000	   0.00000000000000000	   0.78114190255484139	   4.08838831280347481	   0.51626187308464666	  -0.73383080077711849	   1.24420414632898724	
12.300000	    0.00000000000000000	   0.00000000000000000	   0.78114172422109374	   4.08838842303161343	   0.51626197623666192	  -0.73383057247837524	   1.24420414632837817	
12.400000	    0.00000000000000000	   0.00000000000000000	   0.78114154707194527	   4.08838855238140830	   0.51626195843958134	  -0.73383034569608563	   1.24420414632776910	
12.500000	    0.00000000000000000	   0.00000000000000000	   0.78114144423170129	   4.08838864954196257	   0.51626181442465036	  -0.73383021404223892	   1.24420414632716003	
12.600000	    0.00000000000000000	   0.00000000000000000	   0.78114146582236166	   4.08838867112053528	   0.51626159038678732	  -0.73383024168203814	   1.24420414632655096	
12.700000	    0.00000000000000000	   0.00000000000000000	   0.78114161591238795	   4.08838860034921403	   0.51626137031089114	  -0.73383043382387381	   1.24420414632594190	
12.800000	    0.00000000000000000	   0.00000000000000000	   0.78114184604121384	   4.08838845676908402	   0.51626124530024797	  -0.73383072842969199	   1.24420414632533283	
12.900000	    0.00000000000000000	   0.00000000000000000	   0.78114206971596289	   4.08838829196101550	   0.51626127677576905	  -0.73383101477297863	   1.24420414632472376	
13.000000	    0.00000000000000000	   0.00000000000000000	   0.78114219409050678	   4.08838817162837209	   0.51626146807241480	  -0.73383117399439268	   1.24420414632411469	
13.100000	    0.00000000000000000	   0.00000000000000000	   0.78114215756460426	   4.08838814999306077	   0.51626175701240851	  -0.73383112723477339	   1.24420414632350562	
13.200000	    0.00000000000000000	   0.00000000000000000	   0.78114195842437817	   4.08838824625495878	   0.51626203470159837	  -0.73383087230003485	   1.24420414632289678	
13.300000	    0.00000000000000000	   0.00000000000000000	   0.78114166178868061	   4.08838843303059818	   0.51626218553553416	  -0.73383049255375832	   1.24420414632228749	
13.400000	    0.00000000000000000	   0.00000000000000000	   0.78114137973840414	   4.08838864278364422	   0.51626213413926036	  -0.73383013147917098	   1.24420414632167842	
13.500000	    0.00000000000000000	   0.00000000000000000	   0.78114123002231706	   4.08838879147182777	   0.51626188062033751	  -0.73382993981594868	   1.24420414632106957	
13.600000	    0.00000000000000000	   0.00000000000000000	   0.78114128812568862	   4.08838881145974842	   0.51626150838964480	  -0.73383001419862137	   1.24420414632046028	
13.700000	    0.00000000000000000	   0.00000000000000000	   0.78114155175953137	   4.08838868110011067	   0.51626115846912901	  -0.73383035169689292	   1.24420414631985121	
13.800000	    0.00000000000000000	   0.00000000000000000	   0.78114193370016238	   4.08838843844628741	   0.51626097738129395	  -0.73383084064862869	   1.24420414631924237	
13.900000	    0.00000000000000000	   0.00000000000000000	   0.78114228888218917	   4.08838817179183600	   0.51626105734228833	  -0.73383129534441960	   1.24420414631863330	
14.000000	    0.00000000000000000	   0.00000000000000000	   0.78114246815149424	   4.08838798852085805	   0.51626139260216164	  -0.73383152484043690	   1.24420414631802423	
14.100000	    0.00000000000000000	   0.00000000000000000	   0.78114237930289876	   4.08838797284553479	   0.51626187160643289	  -0.73383141109862038	   1.24420414631741516	
14.200000	    0.00000000000000000	   0.00000000000000000	   0.78114203101242730	   4.08838814868879030	   0.51626231194168248	  -0.73383096522545233	   1.24420414631680609	
14.300000	    0.00000000000000000	   0.00000000000000000	   0.78114153977279821	   4.08838846354394470	   0.51626252812218676	  -0.73383033635170358	   1.24420414631619702	
14.400000	    0.00000000000000000	   0.00000000000000000	   0.78114109312217161	   4.08838880214819334	   0.51626240770597231	  -0.73382976455958970	   1.24420414631558796	
14.500000	    0.00000000000000000	   0.00000000000000000	   0.78114087976550428	   4.08838902744181176	   0.51626196524177426	  -0.73382949142503129	   1.24420414631497889	
14.600000	    0.00000000000000000	   0.00000000000000000	   0.78114101193308827	   4.08838903477733062	   0.51626134950627323	  -0.73382966062316457	   1.24420414631436982	
14.700000	    0.00000000000000000	   0.00000000000000000	   0.78114147116409904	   4.08838879842070124	   0.51626079618161247	  -0.73383024852053158	   1.24420414631376075	
14.800000	    0.00000000000000000	   0.00000000000000000	   0.78114210229559133	   4.08838839037881741	   0.51626053978913988	  -0.73383105648044500	   1.24420414631315168	
14.900000	    0.00000000000000000	   0.00000000000000000	   0.78114266315817205	   4.08838796091108225	   0.51626071692492437	  -0.73383177448323955	   1.24420414631254261	
15.000000	    0.00000000000000000	   0.00000000000000000	   0.78114291530489932	   4.08838768476327630	   0.51626129976662594	  -0.73383209727544785	   1.24420414631193355	
15.100000	    0.00000000000000000	   0.00000000000000000	   0.78114272266117091	   4.08838769170831817	   0.51626209040680571	  -0.73383185065780876	   1.24420414631132448	
15.200000	    0.00000000000000000	   0.00000000000000000	   0.78114211826668412	   4.08838800838221506	   0.51626278468544728	  -0.73383107692639782	   1.24420414631071541	
15.300000	    0.00000000000000000	   0.00000000000000000	   0.78114130828105288	   4.08838853656108547	   0.51626308645869567	  -0.73383004000131713	   1.24420414631010634	
15.400000	    0.00000000000000000	   0.00000000000000000	   0.78114060506662708	   4.08838908062795525	   0.51626283047081822	  -0.73382913976129915	   1.24420414630949727	
15.500000	    0.00000000000000000	   0.00000000000000000	   0.78114030953348346	   4.08838941803562417	   0.51626206409248387	  -0.73382876142587017	   1.24420414630888820	
15.600000	    0.00000000000000000	   0.00000000000000000	   0.78114058594665381	   4.08838938820906339	   0.51626104995609201	  -0.73382911528426720	   1.24420414630827914	
15.700000	    0.00000000000000000	   0.00000000000000000	   0.78114137999718858	   4.08838896517364869	   0.51626018015854969	  -0.73383013181046763	   1.24420414630767029	
15.800000	    0.00000000000000000	   0.00000000000000000	   0.78114241840545973	   4.08838828228456208	   0.51625982817281313	  -0.73383146115677933	   1.24420414630706100	
15.900000	    0.00000000000000000	   0.00000000000000000	   0.78114329871829080	   4.08838759387530093	   0.51626019300309534	  -0.73383258811180718	   1.24420414630645193	
16.000000	    0.00000000000000000	   0.00000000000000000	   0.78114364169525263	   4.08838718305582827	   0.51626119899860468	  -0.73383302718214038	   1.24420414630584308	
16.100000	    0.00000000000000000	   0.00000000000000000	   0.78114325000907203	   4.08838724804441700	   0.51626249841036642	  -0.73383252575539193	   1.24420414630523379	
16.200000	    0.00000000000000000	   0.00000000000000000	   0.78114220851854377	   4.08838781163857234	   0.51626358634196823	  -0.73383119246468831	   1.24420414630462473	
16.300000	    0.00000000000000000	   0.00000000000000000	   0.78114087870155546	   4.08838869354236056	   0.51626399243538545	  -0.73382949006280607	   1.24420414630401588	
16.400000	    0.00000000000000000	   0.00000000000000000	   0.78113977851455974	   4.08838956350249472	   0.51626347829731400	  -0.73382808162598467	   1.24420414630340681	
16.500000	    0.00000000000000000	   0.00000000000000000	   0.78113938525517368	   4.08839006177578135	   0.51626215990912339	  -0.73382757818300748	   1.24420414630279774	
16.600000	    0.00000000000000000	   0.00000000000000000	   0.78113993464107756	   4.08838994430087244	   0.51626049675951546	  -0.73382828149605839	   1.24420414630218867	
16.700000	    0.00000000000000000	   0.00000000000000000	   0.78114129850266412	   4.08838919532649481	   0.51625913828877434	  -0.73383002748304615	   1.24420414630157961	
16.800000	    0.00000000000000000	   0.00000000000000000	   0.78114299968074019	   4.08838805769310287	   0.51625867605390341	  -0.73383220529143511	   1.24420414630097054	
16.900000	    0.00000000000000000	   0.00000000000000000	   0.78114437228869549	   4.08838695970756394	   0.51625939392242726	  -0.73383396246846677	   1.24420414630036147	
17.000000	    0.00000000000000000	   0.00000000000000000	   0.78114481645108991	   4.08838635796826200	   0.51626111903435468	  -0.73383453107284369	   1.24420414629975240	
17.100000	    0.00000000000000000	   0.00000000000000000	   0.78114405238930618	   4.08838655215304847	   0.51626324544728519	  -0.73383355294176367	   1.24420414629914333	
17.200000	    0.00000000000000000	   0.00000000000000000	   0.78114226907210449	   4.08838754517446112	   0.51626493871131562	  -0.73383126998370807	   1.24420414629853426	
17.300000	    0.00000000000000000	   0.00000000000000000	   0.78114009518047178	   4.08838901105848507	   0.51626545592202866	  -0.73382848701516512	   1.24420414629792520	
17.400000	    0.00000000000000000	   0.00000000000000000	   0.78113838584745410	   4.08839039500614643	   0.51626446139841853	  -0.73382629875913696	   1.24420414629731613	
17.500000	    0.00000000000000000	   0.00000000000000000	   0.78113789386700716	   4.08839111817464662	   0.51626220744691742	  -0.73382566893405243	   1.24420414629670706	
17.600000	    0.00000000000000000	   0.00000000000000000	   0.78113894882322799	   4.08839081370308488	   0.51625949166122054	  -0.73382701947069529	   1.24420414629609799	
17.700000	    0.00000000000000000	   0.00000000000000000	   0.78114127717935766	   4.08838949997902912	   0.51625738506331575	  -0.73383000018555766	   1.24420414629548892	
17.800000	    0.00000000000000000	   0.00000000000000000	   0.78114405214443250	   4.08838761320680888	   0.51625681923515088	  -0.73383355262849115	   1.24420414629487985	
17.900000	    0.00000000000000000	   0.00000000000000000	   0.78114617672257070	   4.08838587119200536	   0.51625818789226874	  -0.73383627245318284	   1.24420414629427101	
18.000000	    0.00000000000000000	   0.00000000000000000	   0.78114670762029859	   4.08838500688368978	   0.51626112859651674	  -0.73383695209229538	   1.24420414629366172	
18.100000	    0.00000000000000000	   0.00000000000000000	   0.78114525999913775	   4.08838546790901880	   0.51626459332857699	  -0.73383509889049170	   1.24420414629305265	
18.200000	    0.00000000000000000	   0.00000000000000000	   0.78114222425793944	   4.08838720238089870	   0.51626720892656952	  -0.73383121261353745	   1.24420414629244380	
18.300000	    0.00000000000000000	   0.00000000000000000	   0.78113868591723667	   4.08838962823606433	   0.51626780906115366	  -0.73382668290290842	   1.24420414629183451	
18.400000	    0.00000000000000000	   0.00000000000000000	   0.78113605070288716	   4.08839181785575523	   0.51626593641077301	  -0.73382330934316575	   1.24420414629122544	
18.500000	    0.00000000000000000	   0.00000000000000000	   0.78113549863943554	   4.08839284431540229	   0.51626210500218062	  -0.73382260259903342	   1.24420414629061660	
18.600000	    0.00000000000000000	   0.00000000000000000	   0.78113747428513303	   4.08839216342376854	   0.51625768961093943	  -0.73382513179343545	   1.24420414629000731	
18.700000	    0.00000000000000000	   0.00000000000000000	   0.78114142690920807	   4.08838987785751584	   0.51625444892388583	  -0.73383019186838550	   1.24420414628939824	
18.800000	    0.00000000000000000	   0.00000000000000000	   0.78114593370297125	   4.08838676226089248	   0.51625384079710124	  -0.73383596134923279	   1.24420414628878939	
18.900000	    0.00000000000000000	   0.00000000000000000	   0.78114919520322679	   4.08838401404876528	   0.51625639013677638	  -0.73384013661634218	   1.24420414628818032	
19.000000	    0.00000000000000000	   0.00000000000000000	   0.78114973759725281	   4.08838280401402798	   0.51626137538826100	  -0.73384083096926445	   1.24420414628757103	
19.100000	    0.00000000000000000	   0.00000000000000000	   0.78114705403970275	   4.08838379107416472	   0.51626699601817116	  -0.73383739556888050	   1.24420414628696219	
19.200000	    0.00000000000000000	   0.00000000000000000	   0.78114191428680591	   4.08838679740108102	   0.51627100206126442	  -0.73383081579634535	   1.24420414628635312	
19.300000	    0.00000000000000000	   0.00000000000000000	   0.78113618045744071	   4.08839079452839727	   0.51627157444942851	  -0.73382347545236348	   1.24420414628574383	
19.400000	    0.00000000000000000	   0.00000000000000000	   0.78113215345954834	   4.08839423854251915	   0.51626811951307716	  -0.73381832013050075	   1.24420414628513498	
19.500000	    0.00000000000000000	   0.00000000000000000	   0.78113167056768373	   4.08839565258891113	   0.51626164132949259	  -0.73381770193552220	   1.24420414628452591	
19.600000	    0.00000000000000000	   0.00000000000000000	   0.78113530007022036	   4.08839424243460936	   0.51625449446736038	  -0.73382234839170501	   1.24420414628391662	
19.700000	    0.00000000000000000	   0.00000000000000000	   0.78114197486535553	   4.08839029489255701	   0.51624955441412346	  -0.73383089334746832	   1.24420414628330778	
19.800000	    0.00000000000000000	   0.00000000000000000	   0.78114926171032029	   4.08838517229720289	   0.51624908686607229	  -0.73384022175535690	   1.24420414628269871	
19.900000	    0.00000000000000000	   0.00000000000000000	   0.78115422151328084	   4.08838086318477956	   0.51625375050574263	  -0.73384657110167661	   1.24420414628208964	
20.000000	    0.00000000000000000	   0.00000000000000000	   0.78115456786765680	   4.08837922804697040	   0.51626215810474874	  -0.73384701448945788	   1.24420414628125786	
20.100000	    0.00000000000000000	   0.00000000000000000	   0.78114967729722706	   4.08838121936986454	   0.51627123521708307	  -0.73384075377493363	   1.24420414628011211	
20.200000	    0.00000000000000000	   0.00000000000000000	   0.78114101958699078	   4.08838639437814155	   0.51627731104364127	  -0.73382967042115843	   1.24420414627896636	
20.300000	    0.00000000000000000	   0.00000000000000000	   0.78113176999177392	   4.08839295225077759	   0.51627756910268918	  -0.73381782921737271	   1.24420414627782061	
20.400000	    0.00000000000000000	   0.00000000000000000	   0.78112567838824531	   4.08839833469874492	   0.51627129680833461	  -0.73381003075424756	   1.24420414627667486	
20.500000	    0.00000000000000000	   0.00000000000000000	   0.78112558398094434	   4.08840020123994474	   0.51626039840109295	  -0.73380990989370443	   1.24420414627552911	
20.600000	    0.00000000000000000	   0.00000000000000000	   0.78113215060232755	   4.08839741633225717	   0.51624888297590354	  -0.73381831647235118	   1.24420414627438358	
20.700000	    0.00000000000000000	   0.00000000000000000	   0.78114336647713545	   4.08839064288391718	   0.51624143168396974	  -0.73383267485511450	   1.24420414627323783	
20.800000	    0.00000000000000000	   0.00000000000000000	   0.78115509421782026	   4.08838225653883391	   0.51624153861600708	  -0.73384768829955282	   1.24420414627209186	
20.900000	    0.00000000000000000	   0.00000000000000000	   0.78116255415240121	   4.08837554519475610	   0.51624994720579853	  -0.73385723813028425	   1.24420414627094611	
21.000000	    0.00000000000000000	   0.00000000000000000	   0.78116222723331108	   4.08837344909757672	   0.51626405735506786	  -0.73385681962638627	   1.24420414626980036	
21.100000	    0.00000000000000000	   0.00000000000000000	   0.78115343685182370	   4.08837731290835205	   0.51627864861632722	  -0.73384556660988409	   1.24420414626865483	
21.200000	    0.00000000000000000	   0.00000000000000000	   0.78113892380930672	   4.08838616535377408	   0.51628775838321628	  -0.73382698744621166	   1.24420414626750908	
21.300000	    0.00000000000000000	   0.00000000000000000	   0.78112407256519956	   4.08839687826311060	   0.51628706150622095	  -0.73380797496991612	   1.24420414626636311	
21.400000	    0.00000000000000000	   0.00000000000000000	   0.78111496761779742	   4.08840523093485153	   0.51627582320539811	  -0.73379631869064232	   1.24420414626521736	
21.500000	    0.00000000000000000	   0.00000000000000000	   0.78111595944198775	   4.08840753548632563	   0.51625757615125523	  -0.73379758844470233	   1.24420414626407183	
21.600000	    0.00000000000000000	   0.00000000000000000	   0.78112769151807870	   4.08840221199170095	   0.51623910953307128	  -0.73381260796680281	   1.24420414626292608	
21.700000	    0.00000000000000000	   0.00000000000000000	   0.78114644880178341	   4.08839065925438039	   0.51622801054870937	  -0.73383662076149625	   1.24420414626178033	
21.800000	    0.00000000000000000	   0.00000000000000000	   0.78116523383578318	   4.08837698893204138	   0.51622962069644940	  -0.73386066850371112	   1.24420414626063458	
21.900000	    0.00000000000000000	   0.00000000000000000	   0.78117630797243887	   4.08836661389566292	   0.51624460055437149	  -0.73387484483665599	   1.24420414625948861	
22.000000	    0.00000000000000000	   0.00000000000000000	   0.78117430373376640	   4.08836415305798528	   0.51626817011164794	  -0.73387227916566766	   1.24420414625834286	
22.100000	    0.00000000000000000	   0.00000000000000000	   0.78115868452646664	   4.08837144507721106	   0.51629151190715317	  -0.73385228444273387	   1.24420414625719733	
22.200000	    0.00000000000000000	   0.00000000000000000	   0.78113446892343386	   4.08838650107874990	   0.51630498370558364	  -0.73382128436661620	   1.24420414625605158	
22.300000	    0.00000000000000000	   0.00000000000000000	   0.78111074033428696	   4.08840392570022981	   0.51630200555568917	  -0.73379090681852388	   1.24420414625490583	
22.400000	    0.00000000000000000	   0.00000000000000000	   0.78109732695577438	   4.08841678554847743	   0.51628209033158468	  -0.73377373448549876	   1.24420414625376008	
22.500000	    0.00000000000000000	   0.00000000000000000	   0.78110083033440392	   4.08841930579106716	   0.51625167984081077	  -0.73377821967683876	   1.24420414625261433	
22.600000	    0.00000000000000000	   0.00000000000000000	   0.78112156995586590	   4.08840937034836038	   0.51622221263083456	  -0.73380477110980957	   1.24420414625146858	
22.700000	    0.00000000000000000	   0.00000000000000000	   0.78115279654313596	   4.08838977534755621	   0.51620593062046516	  -0.73384474691464774	   1.24420414625032283	
22.800000	    0.00000000000000000	   0.00000000000000000	   0.78118273500293423	   4.08836758917959386	   0.51621091735495250	  -0.73388307217765414	   1.24420414624917686	
22.900000	    0.00000000000000000	   0.00000000000000000	   0.78119891249556628	   4.08835168492194967	   0.51623733353445556	  -0.73390378093677688	   1.24420414624803133	
23.000000	    0.00000000000000000	   0.00000000000000000	   0.78119322740530583	   4.08834927137996473	   0.51627652608205032	  -0.73389650351886893	   1.24420414624688558	
23.100000	    0.00000000000000000	   0.00000000000000000	   0.78116574529904037	   4.08836274861163229	   0.51631367618786328	  -0.73386132324751197	   1.24420414624573983	
23.200000	    0.00000000000000000	   0.00000000000000000	   0.78112552200257446	   4.08838821820199705	   0.51633326285734626	  -0.73380983054888216	   1.24420414624459408	
23.300000	    0.00000000000000000	   0.00000000000000000	   0.78108780566233349	   4.08841643419158096	   0.51632538459246169	  -0.73376154477413180	   1.24420414624344833	
23.400000	    0.00000000000000000	   0.00000000000000000	   0.78106839761938807	   4.08843605603382354	   0.51629042523291147	  -0.73373669701173339	   1.24420414624230258	
23.500000	    0.00000000000000000	   0.00000000000000000	   0.78107720156702232	   4.08843810275364383	   0.51623996892489288	  -0.73374796862116709	   1.24420414624115683	
23.600000	    0.00000000000000000	   0.00000000000000000	   0.78111353079935764	   4.08841989915070769	   0.51619319442333300	  -0.73379447924457719	   1.24420414624001108	
23.700000	    0.00000000000000000	   0.00000000000000000	   0.78116528591014323	   4.08838683595084706	   0.51616976199804065	  -0.73386073516558559	   1.24420414623886533	
23.800000	    0.00000000000000000	   0.00000000000000000	   0.78121274683152830	   4.08835099000728341	   0.51618176000796379	  -0.73392148988760064	   1.24420414623771958	
23.900000	    0.00000000000000000	   0.00000000000000000	   0.78123590418684818	   4.08832684422548809	   0.51622793461933392	  -0.73395113227695874	   1.24420414623657383	
24.000000	    0.00000000000000000	   0.00000000000000000	   0.78122267994558736	   4.08832556857517915	   0.51629281861756493	  -0.73393420479965565	   1.24420414623542808	
24.100000	    0.00000000000000000	   0.00000000000000000	   0.78117473564461193	   4.08835007097661940	   0.51635162558027681	  -0.73387283206494303	   1.24420414623428233	
24.200000	    0.00000000000000000	   0.00000000000000000	   0.78110821601152325	   4.08839293929313818	   0.51637949099277458	  -0.73378767510493070	   1.24420414623313680	
24.300000	    0.00000000000000000	   0.00000000000000000	   0.78104859730349363	   4.08843842233427157	   0.51636170750414434	  -0.73371134639353441	   1.24420414623199105	
24.400000	    0.00000000000000000	   0.00000000000000001	   0.78102116018609269	   4.08846805156873128	   0.51630084451321123	  -0.73367621721020249	   1.24420414623084508	
24.500000	    0.00000000000000000	   0.00000000000000000	   0.78104056030761471	   4.08846796616422914	   0.51621749351901014	  -0.73370105633326543	   1.24420414622969933	
24.600000	    0.00000000000000000	   0.00000000000000000	   0.78110368877883185	   4.08843510364788187	   0.51614366248983634	  -0.73378187917811266	   1.24420414622855358	
24.700000	    0.00000000000000000	   0.00000000000000000	   0.78118909611939158	   4.08837958922697986	   0.51611077186962440	  -0.73389121507405763	   1.24420414622740783	
24.800000	    0.00000000000000000	   0.00000000000000000	   0.78126390767860332	   4.08832194049162467	   0.51613664070167520	  -0.73398697675033175	   1.24420414622626230	
24.900000	    0.00000000000000000	   0.00000000000000000	   0.78129617961684261	   4.08828569464096780	   0.51621672758388015	  -0.73402828324272917	   1.24420414622511655	
25.000000	    0.00000000000000000	   0.00000000000000000	   0.78126817437411999	   4.08828801965921240	   0.51632367870464602	  -0.73399243800842295	   1.24420414622397080	
25.100000	    0.00000000000000000	   0.00000000000000000	   0.78118516099700464	   4.08833197402250725	   0.51641622576785895	  -0.73388617771247333	   1.24420414622282482	
25.200000	    0.00000000000000000	   0.00000000000000000	   0.78107562997257540	   4.08840377987094961	   0.51645473614607884	  -0.73374595653382202	   1.24420414622167930	
25.300000	    0.00000000000000000	   0.00000000000000001	   0.78098195208896737	   4.08847675114272224	   0.51641770801075459	  -0.73362601488137436	   1.24420414622053355	
25.400000	    0.00000000000000000	   0.00000000000000002	   0.78094436461996353	   4.08852094412777678	   0.51631252278601147	  -0.73357788524963863	   1.24420414621938780	
25.500000	    0.00000000000000000	   0.00000000000000000	   0.78098419261431662	   4.08851515069432558	   0.51617542372750103	  -0.73362888373364843	   1.24420414621824205	
25.600000	    0.00000000000000000	   0.00000000000000000	   0.78109310637088980	   4.08845654543290582	   0.51605959180468586	  -0.73376833106694117	   1.24420414621709630	
25.700000	    0.00000000000000000	   0.00000000000000000	   0.78123344409564521	   4.08836377191177469	   0.51601498484897579	  -0.73394798329795430	   1.24420414621595055	
25.800000	    0.00000000000000000	   0.00000000000000000	   0.78135064303028612	   4.08827150449520360	   0.51606740310066646	  -0.73409798986189390	   1.24420414621480480	
25.900000	    0.00000000000000000	   0.00000000000000000	   0.78139396603003930	   4.08821782693708613	   0.51620534533703377	  -0.73415343462181326	   1.24420414621365905	
26.000000	    0.00000000000000000	   0.00000000000000000	   0.78133784986890853	   4.08822888269936868	   0.51638087924288878	  -0.73408161659059112	   1.24420414621251330	
26.100000	    0.00000000000000000	   0.00000000000000000	   0.78119508611795152	   4.08830685372633340	   0.51652560275746506	  -0.73389888284090343	   1.24420414621136755	
26.200000	    0.00000000000000000	   0.00000000000000000	   0.78101551115926426	   4.08842657567921197	   0.51657668064547180	  -0.73366898431172167	   1.24420414621022180	
26.300000	    0.00000000000000000	   0.00000000000000000	   0.78086927757807345	   4.08854307017100282	   0.51650330005519351	  -0.73348173159898122	   1.24420414620907605	
26.400000	    0.00000000000000000	   0.00000000000000000	   0.78082007126098196	   4.08860800932004143	   0.51632271507667560	  -0.73341871481886889	   1.24420414620793029	
26.500000	    0.00000000000000000	   0.00000000000000000	   0.78089826243148475	   4.08858926385141608	   0.51609817393152702	  -0.73351884961138603	   1.24420414620678477	
26.600000	    0.00000000000000000	   0.00000000000000000	   0.78108495307428538	   4.08848582629534896	   0.51591765416444868	  -0.73375789269664282	   1.24420414620563902	
26.700000	    0.00000000000000000	   0.00000000000000000	   0.78131456906147823	   4.08833148811879532	   0.51586015408984431	  -0.73405182006341518	   1.24420414620449327	
26.800000	    0.00000000000000000	   0.00000000000000000	   0.78149693670980780	   4.08818455905768197	   0.51596217496500474	  -0.73428520412604537	   1.24420414620334752	
26.900000	    0.00000000000000000	   0.00000000000000000	   0.78155190055461832	   4.08810638196591025	   0.51619827054663536	  -0.73435553314392255	   1.24420414620220177	
27.000000	    0.00000000000000000	   0.00000000000000000	   0.78144351260281764	   4.08813634057930297	   0.51648512518726553	  -0.73421684054002656	   1.24420414620105579	
27.100000	    0.00000000000000000	   0.00000000000000000	   0.78119950084478151	   4.08827333619500433	   0.51670986430831822	  -0.73390453407250300	   1.24420414619991004	
27.200000	    0.00000000000000000	   0.00000000000000000	   0.78090637018549236	   4.08847205471952346	   0.51677343612340254	  -0.73352923215692667	   1.24420414619876429	
27.300000	    0.00000000000000000	   0.00000000000000000	   0.78067975000252754	   4.08865706106070270	   0.51663282703434721	  -0.73323898856226288	   1.24420414619761877	
27.400000	    0.00000000000000000	   0.00000000000000000	   0.78061982603086799	   4.08875072531001127	   0.51632466204489580	  -0.73316222690500388	   1.24420414619647302	
27.500000	    0.00000000000000000	   0.00000000000000000	   0.78076863392694884	   4.08870493620833209	   0.51595848631526364	  -0.73335283660931827	   1.24420414619532727	
27.600000	    0.00000000000000000	   0.00000000000000000	   0.78108674435629544	   4.08852399724925508	   0.51567922729770144	  -0.73376018601958648	   1.24420414619418152	
27.700000	    0.00000000000000000	   0.00000000000000000	   0.78146083716044079	   4.08826836988353381	   0.51561107026102171	  -0.73423901023684490	   1.24420414619303576	
27.800000	    0.00000000000000000	   0.00000000000000000	   0.78174249667115403	   4.08803565296523175	   0.51580405664322426	  -0.73459937220318072	   1.24420414619189001	
27.900000	    0.00000000000000000	   0.00000000000000000	   0.78180580842963632	   4.08792419451019917	   0.51620580236108760	  -0.73468035692001865	   1.24420414619074449	
28.000000	    0.00000000000000000	   0.00000000000000000	   0.78160190066850677	   4.08799256396000388	   0.51667253436344218	  -0.73441950652129850	   1.24420414618959874	
28.100000	    0.00000000000000000	   0.00000000000000000	   0.78118719950940640	   4.08823126808760318	   0.51701881545142792	  -0.73388878722091699	   1.24420414618845299	
28.200000	    0.00000000000000000	   0.00000000000000000	   0.78071082912139522	   4.08855966380504476	   0.51708947052061882	  -0.73327879810007046	   1.24420414618730724	
28.300000	    0.00000000000000000	   0.00000000000000000	   0.78036250304951782	   4.08885184162706761	   0.51682658783046787	  -0.73283253325107633	   1.24420414618616126	
28.400000	    0.00000000000000000	   0.00000000000000000	   0.78029875729254594	   4.08898372459041237	   0.51630363598039131	  -0.73275084254901979	   1.24420414618501551	
28.500000	    0.00000000000000000	   0.00000000000000000	   0.78057549017994921	   4.08888426482142009	   0.51570907450376235	  -0.73310542959008429	   1.24420414618386976	
28.600000	    0.00000000000000000	   0.00000000000000000	   0.78111454955241888	   4.08857025111992023	   0.51528065935341527	  -0.73379578347630836	   1.24420414618272401	
28.700000	    0.00000000000000000	   0.00000000000000000	   0.78172142756178342	   4.08814869873058839	   0.51521235429183698	  -0.73457242037042214	   1.24420414618157826	
28.800000	    0.00000000000000000	   0.00000000000000000	   0.78215280162341161	   4.08778224904899989	   0.51556969310320877	  -0.73512409398229894	   1.24420414618043251	
28.900000	    0.00000000000000000	   0.00000000000000000	   0.78221206083949080	   4.08762781814763532	   0.51624960105927520	  -0.73519985535682819	   1.24420414617928698	
29.000000	    0.00000000000000000	   0.00000000000000000	   0.78183601591398533	   4.08777113694237837	   0.51700561518829702	  -0.73471899426516196	   1.24420414617814123	
29.100000	    0.00000000000000000	   0.00000000000000000	   0.78113495867083482	   4.08818402852882201	   0.51753445739857917	  -0.73382191133589025	   1.24420414617699548	
29.200000	    0.00000000000000000	   0.00000000000000000	   0.78036436423778333	   4.08872441114351215	   0.51759467704659057	  -0.73283491827828706	   1.24420414617584973	
29.300000	    0.00000000000000000	   0.00000000000000000	   0.77983399556504907	   4.08918312295749153	   0.51711238285082395	  -0.73215504486367566	   1.24420414617470398	
29.400000	    0.00000000000000000	   0.00000000000000000	   0.77978654767495459	   4.08936290365392541	   0.51622952246155751	  -0.73209419943543430	   1.24420414617355846	
29.500000	    0.00000000000000000	   0.00000000000000000	   0.78029197161172204	   4.08916060558464967	   0.51526837835840489	  -0.73274214625144107	   1.24420414617241271	
29.600000	    0.00000000000000000	   0.00000000000000000	   0.78120074364154835	   4.08861957193610426	   0.51461742780451325	  -0.73390612495400176	   1.24420414617126673	
29.700000	    0.00000000000000000	   0.00000000000000000	   0.78218105931119575	   4.08792747569538140	   0.51457746502946788	  -0.73516022142129744	   1.24420414617012098	
29.800000	    0.00000000000000000	   0.00000000000000000	   0.78283543407919043	   4.08735423260956221	   0.51522821409492947	  -0.73599647434131577	   1.24420414616897546	
29.900000	    0.00000000000000000	   0.00000000000000001	   0.78285881438345939	   4.08714895539191492	   0.51637309077011562	  -0.73602634007563250	   1.24420414616782948	
30.000000	    0.00000000000000000	   0.00000000000000000	   0.78217606606427270	   4.08743462990262874	   0.51759221091446939	  -0.73515383765256748	   1.24420414616668373	
30.100000	    0.00000000000000000	   0.00000000000000000	   0.78099687780966698	   4.08814445340388666	   0.51839187275357224	  -0.73364512617804989	   1.24420414616553798	
30.200000	    0.00000000000000000	   0.00000000000000000	   0.77975640220255704	   4.08903032288160606	   0.51839915962242833	  -0.73205554006715579	   1.24420414616439223	
30.300000	    0.00000000000000000	   0.00000000000000000	   0.77895774021911834	   4.08974649290309511	   0.51752777040755316	  -0.73103076967282388	   1.24420414616324670	
30.400000	    0.00000000000000000	   0.00000000000000000	   0.77897378794017891	   4.08998121557603422	   0.51604455752229406	  -0.73105137099032191	   1.24420414616210095	
30.500000	    0.00000000000000000	   0.00000000000000000	   0.77988342656987042	   4.08958797620773229	   0.51449758198577167	  -0.73221842942834447	   1.24420414616095520	
30.600000	    0.00000000000000000	   0.00000000000000000	   0.78140809596780891	   4.08866343715915193	   0.51351895596578379	  -0.73417151744634768	   1.24420414615980945	
30.700000	    0.00000000000000000	   0.00000000000000000	   0.78298496534791795	   4.08753418275069613	   0.51357113113471886	  -0.73618746849233607	   1.24420414615866370	
30.800000	    0.00000000000000000	   0.00000000000000000	   0.78396670985761208	   4.08664655067458860	   0.51473797913108343	  -0.73744053156211620	   1.24420414615751795	
30.900000	    0.00000000000000000	   0.00000000000000000	   0.78388317772825089	   4.08639402950436814	   0.51665261884357605	  -0.73733397527751732	   1.24420414615637220	
31.000000	    0.00000000000000000	   0.00000000000000000	   0.78265913992629577	   4.08694836246651771	   0.51860347805125895	  -0.73577124947398675	   1.24420414615522668	
31.100000	    0.00000000000000000	   0.00000000000000000	   0.78068548773928514	   4.08816633955897135	   0.51979038383576437	  -0.73324633820284191	   1.24420414615409691	
31.200000	    0.00000000000000000	   0.00000000000000000	   0.77869935037064508	   4.08961800278967225	   0.51964189425558338	  -0.73069900236361029	   1.24420414615401520	
31.300000	    0.00000000000000000	   0.00000000000000000	   0.77751279054336486	   4.09073446712309607	   0.51807413416291914	  -0.72917406880728541	   1.24420414615393349	
31.400000	    0.00000000000000000	   0.00000000000000000	   0.77769254299420820	   4.09102572879918291	   0.51558038265736172	  -0.72940523114674072	   1.24420414615385333	
31.500000	    0.00000000000000000	   0.00000000000000000	   0.77930965455393775	   4.09028865075430481	   0.51309284644784481	  -0.73148244355366709	   1.24420414615377295	
31.600000	    0.00000000000000000	   0.00000000000000000	   0.78185636806171432	   4.08872163517681475	   0.51164511519509037	  -0.73474502514968598	   1.24420414615369279	
31.700000	    0.00000000000000000	   0.00000000000000000	   0.78438283353955918	   4.08688800884797931	   0.51195593130610018	  -0.73797118328246636	   1.24420414615361263	
31.800000	    0.00000000000000150	   0.00000000000000000	   0.78583701309637755	   4.08552289343525388	   0.51410553819039961	  -0.73982338248335033	   1.24420414615353225	
31.900000	    0.00000000000000270	   0.00000000000000000	   0.78549909026058762	   4.08524520207361341	   0.51745061948337712	  -0.73939327355813078	   1.24420414615345210	
32.000000	    0.00000000000000490	   0.00000000000000000	   0.78332696434537807	   4.08628840582228037	   0.52083041399927343	  -0.73662416184383717	   1.24420414615337194	
32.100000	    0.00000000000000898	   0.00000000000000000	   0.78003924929690782	   4.08836860166319305	   0.52300103415404486	  -0.73241821205832291	   1.24420414615329156	
32.200000	    0.00000000000001660	   0.00000000000000001	   0.77687778046924960	   4.09075677924123138	   0.52314598650093613	  -0.72835701533159980	   1.24420414615321140	
32.300000	    0.00000000000003098	   0.00000000000000000	   0.77514293390956024	   4.09253919490988594	   0.52127265424205638	  -0.72612141722894230	   1.24420414615313124	
32.400000	    0.00000000000005857	   0.00000000000000261	   0.77568384803767365	   4.09297553819950899	   0.51832396781899504	  -0.72681899887568091	   1.24420414615305108	
32.500000	    0.00000000000011277	   0.00000000000001120	   0.77852407218324171	   4.09182495448355255	   0.51591801885066069	  -0.73047388606318997	   1.24420414615297070	
32.600000	    0.00000000000022241	   0.00000000000004769	   0.78275708545219280	   4.08951039590389609	   0.51577114861738149	  -0.73589638619397779	   1.24420414615289054	
32.700000	    0.00000000000045162	   0.00000000000020120	   0.78678947098068863	   4.08703283152064323	   0.51901551422111269	  -0.74103467837648374	   1.24420414615280839	
32.800000	    0.00000000000094769	   0.00000000000084054	   0.78891464399549960	   4.08563072864060572	   0.52570359889390306	  -0.74373210650836374	   1.24420414615272112	
32.900000	    0.00000000000205820	   0.00000000000347926	   0.78803952133301713	   4.08629178532745652	   0.53473392008353171	  -0.74262221660602834	   1.24420414615261343	
33.000000	    0.00000000000462304	   0.00000000001428587	   0.78423758020506018	   4.08931238858081159	   0.54425602320663402	  -0.73778598444991328	   1.24420414615240915	
33.100000	    0.00000000001071095	   0.00000000005821733	   0.77882353039773422	   4.09410252826949783	   0.55241591235317056	  -0.73085846073054805	   1.24420414615179697	
33.200000	    0.00000000002549027	   0.00000000023515223	   0.77388457413291034	   4.09933297912339700	   0.55817380320448950	  -0.72449670747117645	   1.24420414614952168	
33.300000	    0.00000000006198781	   0.00000000093766723	   0.77148472970188431	   4.10337303924039976	   0.56188868460040642	  -0.72139085263874381	   1.24420414614050756	
33.400000	    0.00000000015313045	   0.00000000366583128	   0.77286859574766409	   4.10485099785953444	   0.56540863044922018	  -0.72318301560241915	   1.24420414610474661	
33.500000	    0.00000000038179763	   0.00000001392647854	   0.77792166217095293	   4.10312423015068983	   0.57153835890224469	  -0.72969980184161154	   1.24420414596551177	
33.600000	    0.00000000095405847	   0.00000005092865763	   0.78504864469357583	   4.09846327292151269	   0.58298183565927564	  -0.73881965765460256	   1.24420414543916835	
33.700000	    0.00000000237178381	   0.00000017786582347	   0.79158362190964837	   4.09182489372727165	   0.60111549172488399	  -0.74710949768735757	   1.24420414352349606	
33.800000	    0.00000000582401690	   0.00000059043853454	   0.79474035812007793	   4.08422102927471276	   0.62509514090643148	  -0.75108944178080006	   1.24420413685289510	
33.900000	    0.00000001404359860	   0.00000186139195459	   0.79283070753407192	   4.07586968355679780	   0.65171506936408574	  -0.74868368930977958	   1.24420411470780978	
34.000000	    0.00000003314293320	   0.00000558641651328	   0.78616346060805264	   4.06546277482795038	   0.67613862752182918	  -0.74023870998747776	   1.24420404465243295	
34.100000	    0.00000007654286960	   0.00001602575818793	   0.77705780702140892	   4.04989671038138610	   0.69326353111372863	  -0.72858871934110525	   1.24420383307211369	
34.200000	    0.00000017349171360	   0.00004410393493885	   0.76889482203823301	   4.02464501123261620	   0.69924779627596623	  -0.71802816179934859	   1.24420322115447823	
34.300000	    0.00000038780528013	   0.00011662621135990	   0.76467767843608070	   3.98468917137316181	   0.69269003463366385	  -0.71252838369164206	   1.24420152180035481	
34.400000	    0.00000085932089376	   0.00029595231118829	   0.76570258306575356	   3.92570017019035600	   0.67511771130838316	  -0.71386779561253755	   1.24419698441558424	
34.500000	    0.00000189500851447	   0.00071789402005030	   0.77071173725775322	   3.84507103564735653	   0.65071325249062328	  -0.72038839604483140	   1.24418534484626853	
34.600000	    0.00000416573771633	   0.00165546959786101	   0.77570739435783709	   3.74246016758279021	   0.62548286136305686	  -0.72684935397819250	   1.24415673343623245	
34.700000	    0.00000912004381509	   0.00360831717317621	   0.77460428233561873	   3.61968872709494693	   0.60621731620467700	  -0.72542626954244505	   1.24408959594391244	
34.800000	    0.00001982617636239	   0.00739827219895556	   0.76081847158608473	   3.48008005102977958	   0.59954359813403713	  -0.70746876412738113	   1.24393980866869991	
34.900000	    0.00004262740843735	   0.01422579863903085	   0.72945075689869066	   3.32753125700770447	   0.61118855535423067	  -0.66536583717611664	   1.24362313102815603	
35.000000	    0.00009029279448182	   0.02562763127643390	   0.67914236302012398	   3.16566134143676337	   0.64543194867353793	  -0.59390474532589721	   1.24299001834660539	
35.100000	    0.00018785054102681	   0.04329400638116637	   0.61261853973010472	   2.99726155523857063	   0.70473041977090090	  -0.49081643197629915	   1.24179384482888788	
35.200000	    0.00038312326219239	   0.06875279704246506	   0.53566589753784177	   2.82408067366646520	   0.78960381232863042	  -0.35658461526321983	   1.23965638744122764	
35.300000	    0.00076523987564452	   0.10297037497457286	   0.45520727584908588	   2.64685468211682107	   0.89893272701715987	  -0.19382684056513005	   1.23603709580907561	
35.400000	    0.00149594463395386	   0.14591691363904361	   0.37746331527436450	   2.46549353181940445	   1.03070722613713639	  -0.00654735991561053	   1.23021446117935906	
35.500000	    0.00285953545379012	   0.19612247383249570	   0.30684697156775048	   2.27939078926825145	   1.18304028185205090	   0.20057686660626003	   1.22128865798095165	
35.600000	    0.00533563757958249	   0.25029628884648436	   0.24570121283174856	   2.08781823921051712	   1.35508592625729518	   0.42280981022539149	   1.20821471247205436	
35.700000	    0.00969160501079927	   0.30323019511609989	   0.19463676362536425	   1.89029749096938460	   1.54751697463421767	   0.65579095512302310	   1.18987365234405074	
35.800000	    0.01707679174952927	   0.34832883877745829	   0.15312189815045349	   1.68680427685727796	   1.76241078389535399	   0.89569170185322589	   1.16518270692108761	
35.900000	    0.02908494569209313	   0.37896520907983222	   0.12004131779083850	   1.47775064742443130	   2.00263594739314588	   1.13909002752757305	   1.13323289482261957	
36.000000	    0.04774661934579367	   0.39036194961847104	   0.09408216515734492	   1.26386729283254295	   2.27100113883386845	   1.38275752808259234	   1.09342657188774162	
36.100000	    0.07542696560135662	   0.38115457840287764	   0.07393949226592987	   1.04621429496163354	   2.56947886167004347	   1.62367893932444196	   1.04557814467222765	
36.200000	    0.11461765301988824	   0.35375256898458746	   0.05840551056841579	   0.82645976486153916	   2.89877704520880242	   1.85951578153957353	   0.98994777061080808	
36.300000	    0.16759814917294549	   0.31328395584266855	   0.04640958947243640	   0.60733165283815405	   3.25841933429200026	   2.08941991842679986	   0.92720061285245525	
36.400000	    0.23591450708929249	   0.26578415420768892	   0.03704386277178721	   0.39295498292914610	   3.64731129691918499	   2.31482333513445981	   0.85831069752807310	
36.500000	    0.31965289333866737	   0.21661941454455086	   0.02958134525935896	   0.18878553378471619	   4.06455756957184100	   2.53978209104161756	   0.78444275413158349	
36.600000	    0.41663604153266465	   0.16973207777817464	   0.02348303158913068	   0.00103394707868091	   4.51016132830669214	   2.77064792566814200	   0.70684140809720164	
36.700000	    0.52190975101809078	   0.12764464496288372	   0.01838994392593761	  -0.16429266903479917	   4.98527634838108025	   3.01512203651941446	   0.62674192802747541	
36.800000	    0.62803363066610962	   0.09179791212770917	   0.01409737149731217	  -0.30245913683571901	   5.49188165310395426	   3.28093766459491931	   0.54530280734974168	
36.900000	    0.72650158660147057	   0.06284652456792650	   0.01051148164668199	  -0.41089955157815561	   6.03199123546330007	   3.57445787607162657	   0.46355527544370567	
37.000000	    0.81002083276695325	   0.04079105946295726	   0.00759512265232219	  -0.48974793087823731	   6.60666179194092429	   3.89941974096538679	   0.38236755236465592	
37.100000	    0.87469596858990073	   0.02504070098827460	   0.00531707296893302	  -0.54190993828973943	   7.21506457600275208	   4.25600306783869620	   0.30242632360225785	
37.200000	    0.92098714700405915	   0.01454346133009376	   0.00362020442040179	  -0.57265875645945674	   7.85379385395139185	   4.64039553200284516	   0.22423889752438853	
37.300000	    0.95293633278255518	   0.00802088146352803	   0.00241549464324831	  -0.58879458542219887	   8.51649479751853278	   5.04502193861805726	   0.14815547213988733	
37.400000	    0.97615391265520146	   0.00423089674591317	   0.00159586014079183	  -0.59748485389413952	   9.19387117355306138	   5.45951316186545732	   0.07440499667885116	
37.500000	    0.99563442394565616	   0.00215669688710747	   0.00105617609384754	  -0.60501440958764818	   9.87415090169742449	   5.87227109905116063	   0.00313459056046122	
37.600000	    1.01429817914795906	   0.00107574331485337	   0.00070800847825323	  -0.61576870013207063	  10.54405448405486823	   6.27222523639684226	  -0.06555667975765657	
37.700000	    1.03260658403765149	   0.00053192687099799	   0.00048513836402306	  -0.63175984858853396	  11.19016625134195841	   6.65024716805608929	  -0.13159490180930392	
37.800000	    1.04915289279161250	   0.00026385039191564	   0.00034201918332141	  -0.65284438257960842	  11.80040270052320039	   6.99981447787990962	  -0.19491995331485448	
37.900000	    1.06188056533666964	   0.00013250374926471	   0.00024909343673401	  -0.67752772597957556	  12.36515201425724619	   7.31685323094798434	  -0.25548290455460948	
38.000000	    1.06940268161660335	   0.00006777566098900	   0.00018784743129794	  -0.70402524934173816	  12.87774674507186745	   7.59905120724535266	  -0.31324774296408237	
38.100000	    1.07182963275494880	   0.00003542337447088	   0.00014687244114079	  -0.73116464846657270	  13.33421456282562012	   7.84511684222624961	  -0.36819307344532709	
38.200000	    1.07074456027286602	   0.00001894813801576	   0.00011914116886818	  -0.75881294423949808	  13.73257666667397103	   8.05437222192077407	  -0.42031105070853619	
38.300000	    1.06845195497876677	   0.00001038796829800	   0.00010027249008906	  -0.78774469209970144	  14.07213879956938385	   8.22678992388579289	  -0.46960314942364456	
38.400000	    1.06700093455472800	   0.00000585247073614	   0.00008747753845366	  -0.81911585083671712	  14.35314405295562423	   8.36329924792972790	  -0.51607432609863313	
38.500000	    1.06748019954650619	   0.00000340522776589	   0.00007893461233619	  -0.85384566381552207	  14.57688444191811072	   8.46606148715856399	  -0.55972782987637659	
38.600000	    1.06981076431583255	   0.00000206277290515	   0.00007342024599749	  -0.89218576677113937	  14.74607391922569732	   8.53848157633797733	  -0.60056237507052390	
38.700000	    1.07299990020564562	   0.00000131604736258	   0.00007009038347852	  -0.93361737205103135	  14.86514317863685442	   8.58489570322510787	  -0.63857221549920640	
38.800000	    1.07568244523160583	   0.00000089699479332	   0.00006835038794301	  -0.97705588529945309	  14.94018400789045131	   8.61003406596832654	  -0.67374951560015917	
38.900000	    1.07672210743573649	   0.00000066213703014	   0.00006777814519960	  -1.02122771037007931	  14.97847123258731195	   8.61844150415847920	  -0.70608768389897125	
39.000000	    1.07564238895010855	   0.00000053334192689	   0.00006807707624359	  -1.06504088503789540	  14.98769466741903322	   8.61404076750281789	  -0.73558418004629766	
39.100000	    1.07273245937248163	   0.00000046722037954	   0.00006904247084171	  -1.10779748475630679	  14.97515249129081560	   8.59995947026466290	  -0.76224172446100702	
39.200000	    1.06882936156706521	   0.00000043911137598	   0.00007053056322369	  -1.14917760006443026	  14.94716509182660857	   8.57863516817401539	  -0.78606762976204347	
39.300000	    1.06492903312438747	   0.00000043457436927	   0.00007242682222512	  -1.18903030455926162	  14.90887674457179735	   8.55210460144636286	  -0.80707176152288340	
39.400000	    1.06182547679984518	   0.00000044475321368	   0.00007461612697793	  -1.22708749787415905	  14.86445523971745963	   8.52232464177741278	  -0.82526406737680913	
39.500000	    1.05991070775486951	   0.00000046374352457	   0.00007696047868047	  -1.26273403006513774	  14.81753659701754700	   8.49138927875393890	  -0.84065256862517679	
39.600000	    1.05916090324327983	   0.00000048704562615	   0.00007928941563924	  -1.29492409301929889	  14.77166726316834655	   8.46157665761285216	  -0.85324233125506788	
39.700000	    1.05925604431122178	   0.00000051071008785	   0.00008140574723869	  -1.32226521476421754	  14.73051534667146534	   8.43523542953864336	  -0.86303547609120901	
39.800000	    1.05975219040221935	   0.00000053104281885	   0.00008310578289060	  -1.34323391787860769	  14.69774069554020279	   8.41456701597448031	  -0.87003194778040072	
39.900000	    1.06023679542993010	   0.00000054479329809	   0.00008420942925021	  -1.35645611108506414	  14.67656938574359060	   8.40137440362978438	  -0.87423061840638028	
40.000000	    1.06043075553262112	   0.00000054965707707	   0.00008459216164913	  -1.36097733846359326	  14.66924376342941549	   8.39683969453441570	  -0.87563033167030113	

