0	0	0	0	0	0
0.05	0	0	0	0	0
0.1	0	0	0	0	0
0.15	0	0	0	0	0
0.2	0	0	0	0	0
0.25	0	0	0	0	0
0.3	0	0	0	0	0
0.35	0	0	0	0	0
0.4	0	0	0	0	0
0.45	0	0	0	0	0
0.5	0	0.035	0.0246	0.035	0
0.55	0	0.0331	0.0235	0.0331	0
0.6	0	0.0311	0.0224	0.0311	0
0.65	0	0.0291	0.0214	0.0291	0
0.7	0	0.0272	0.0203	0.0272	0
0.75	0	0.0254	0.0194	0.0254	0
0.8	0	0.0237	0.0185	0.0237	0
0.85	0	0.0222	0.0178	0.0222	0
0.9	0	0.0209	0.0172	0.0209	0
0.95	0	0.0197	0.0167	0.0197	0
1	0.308	0.0188	0.0164	0.0188	0.308
1.05	0.248	0.018	0.0163	0.018	0.248
1.1	0.198	0.0175	0.0164	0.0175	0.198
1.15	0.158	0.0171	0.0166	0.0171	0.158
1.2	0.126	0.017	0.0171	0.017	0.126
1.25	0.101	0.0171	0.0179	0.0171	0.101
1.3	0.081	0.0174	0.019	0.0174	0.081
1.35	0.0656	0.0179	0.0205	0.0179	0.0656
1.4	0.0535	0.0188	0.0224	0.0188	0.0535
1.45	0.0441	0.0199	0.0249	0.0199	0.0441
1.5	0.0368	0.0214	0.0279	0.0214	0.0368
1.55	0.031	0.0224	0.028	0.0224	0.031
1.6	0.0266	0.0235	0.0282	0.0235	0.0266
1.65	0.0231	0.025	0.0287	0.025	0.0231
1.7	0.0205	0.0266	0.0293	0.0266	0.0205
1.75	0.0184	0.0286	0.0302	0.0286	0.0184
1.8	0.0169	0.0308	0.0314	0.0308	0.0169
1.85	0.0158	0.0333	0.0328	0.0333	0.0158
1.9	0.015	0.0362	0.0344	0.0362	0.015
1.95	0.0146	0.0393	0.0363	0.0393	0.0146
2	0.0144	0.0427	0.0384	0.0427	0.0144
2.05	0.0144	0.0466	0.0408	0.0466	0.0144
2.1	0.0145	0.0509	0.0436	0.0509	0.0145
2.15	0.0147	0.0556	0.0467	0.0556	0.0147
2.2	0.0151	0.0608	0.0501	0.0608	0.0151
2.25	0.0157	0.0665	0.0538	0.0665	0.0157
2.3	0.0165	0.0725	0.0577	0.0725	0.0165
2.35	0.0175	0.079	0.0619	0.079	0.0175
2.4	0.0187	0.0858	0.0664	0.0858	0.0187
2.45	0.0201	0.0929	0.071	0.0929	0.0201
2.5	0.0217	0.094	0.0751	0.094	0.0217
2.55	0.0234	0.0844	0.0772	0.0844	0.0234
2.6	0.0255	0.0759	0.0771	0.0759	0.0255
2.65	0.0278	0.0686	0.0755	0.0686	0.0278
2.7	0.0304	0.0623	0.0729	0.0623	0.0304
2.75	0.0334	0.0569	0.0696	0.0569	0.0334
2.8	0.0368	0.0522	0.0661	0.0522	0.0368
2.85	0.0405	0.0482	0.0624	0.0482	0.0405
2.9	0.0446	0.0447	0.0587	0.0447	0.0446
2.95	0.0492	0.0416	0.0551	0.0416	0.0492
3	0.0533	0.039	0.0517	0.039	0.0533
3.05	0.0558	0.037	0.0489	0.037	0.0558
3.1	0.0565	0.0355	0.0465	0.0355	0.0565
3.15	0.0559	0.0344	0.0445	0.0344	0.0559
3.2	0.0546	0.0336	0.0426	0.0336	0.0546
3.25	0.0529	0.033	0.0409	0.033	0.0529
3.3	0.0511	0.0326	0.0393	0.0326	0.0511
3.35	0.0494	0.0322	0.0376	0.0322	0.0494
3.4	0.0479	0.032	0.036	0.032	0.0479
3.45	0.0465	0.0318	0.0342	0.0318	0.0465
3.5	0.0455	0.0316	0.0325	0.0316	0.0455
3.55	0.0446	0.0315	0.031	0.0315	0.0446
3.6	0.044	0.0314	0.0299	0.0314	0.044
3.65	0.0435	0.0313	0.0292	0.0313	0.0435
3.7	0.0433	0.0313	0.0287	0.0313	0.0433
3.75	0.043	0.0315	0.0285	0.0315	0.043
3.8	0.0429	0.0317	0.0285	0.0317	0.0429
3.85	0.0427	0.0321	0.0287	0.0321	0.0427
3.9	0.0423	0.0326	0.0291	0.0326	0.0423
3.95	0.0418	0.0331	0.0296	0.0331	0.0418
4	0.0412	0.0338	0.0303	0.0338	0.0412
4.05	0.0404	0.0346	0.0311	0.0346	0.0404
4.1	0.0396	0.0354	0.032	0.0354	0.0396
4.15	0.0388	0.0363	0.033	0.0363	0.0388
4.2	0.0381	0.0373	0.034	0.0373	0.0381
4.25	0.0375	0.0382	0.0351	0.0382	0.0375
4.3	0.037	0.0391	0.0362	0.0391	0.037
4.35	0.0366	0.0399	0.0373	0.0399	0.0366
4.4	0.0363	0.0407	0.0384	0.0407	0.0363
4.45	0.0361	0.0413	0.0394	0.0413	0.0361
4.5	0.0361	0.0419	0.0403	0.0419	0.0361
4.55	0.0363	0.0422	0.0411	0.0422	0.0363
4.6	0.0366	0.0425	0.0418	0.0425	0.0366
4.65	0.0369	0.0426	0.0423	0.0426	0.0369
4.7	0.0374	0.0426	0.0427	0.0426	0.0374
4.75	0.0379	0.0426	0.0431	0.0426	0.0379
4.8	0.0384	0.0426	0.0433	0.0426	0.0384
4.85	0.0389	0.0425	0.0434	0.0425	0.0389
4.9	0.0394	0.0423	0.0435	0.0423	0.0394
4.95	0.0399	0.0422	0.0435	0.0422	0.0399
5	0.0402	0.0421	0.0435	0.0421	0.0402
5.05	0.0405	0.042	0.0434	0.042	0.0405
5.1	0.0407	0.0418	0.0433	0.0418	0.0407
5.15	0.0408	0.0417	0.0432	0.0417	0.0408
5.2	0.0408	0.0416	0.043	0.0416	0.0408
5.25	0.0407	0.0415	0.0428	0.0415	0.0407
5.3	0.0407	0.0413	0.0426	0.0413	0.0407
5.35	0.0406	0.0412	0.0424	0.0412	0.0406
5.4	0.0405	0.041	0.0421	0.041	0.0405
5.45	0.0404	0.0408	0.0418	0.0408	0.0404
5.5	0.0404	0.0407	0.0415	0.0407	0.0404
5.55	0.0403	0.0405	0.0412	0.0405	0.0403
5.6	0.0403	0.0403	0.0409	0.0403	0.0403
5.65	0.0403	0.0401	0.0406	0.0401	0.0403
5.7	0.0403	0.04	0.0403	0.04	0.0403
5.75	0.0403	0.0398	0.04	0.0398	0.0403
5.8	0.0404	0.0397	0.0398	0.0397	0.0404
5.85	0.0404	0.0396	0.0396	0.0396	0.0404
5.9	0.0404	0.0396	0.0395	0.0396	0.0404
5.95	0.0403	0.0395	0.0394	0.0395	0.0403
6	0.0403	0.0395	0.0393	0.0395	0.0403
6.05	0.0402	0.0395	0.0392	0.0395	0.0402
6.1	0.0402	0.0395	0.0392	0.0395	0.0402
6.15	0.0401	0.0396	0.0392	0.0396	0.0401
6.2	0.04	0.0396	0.0392	0.0396	0.04
6.25	0.04	0.0397	0.0393	0.0397	0.04
6.3	0.0399	0.0397	0.0393	0.0397	0.0399
6.35	0.0399	0.0398	0.0394	0.0398	0.0399
6.4	0.0399	0.0398	0.0394	0.0398	0.0399
6.45	0.0398	0.0399	0.0395	0.0399	0.0398
6.5	0.0398	0.0399	0.0395	0.0399	0.0398
6.55	0.0399	0.0399	0.0396	0.0399	0.0399
6.6	0.0399	0.0399	0.0397	0.0399	0.0399
6.65	0.0399	0.0399	0.0397	0.0399	0.0399
6.7	0.04	0.0399	0.0398	0.0399	0.04
6.75	0.04	0.0399	0.0398	0.0399	0.04
6.8	0.0401	0.0399	0.0398	0.0399	0.0401
6.85	0.0401	0.0399	0.0399	0.0399	0.0401
6.9	0.0402	0.0399	0.0399	0.0399	0.0402
6.95	0.0402	0.0399	0.0399	0.0399	0.0402
7	0.0402	0.0399	0.04	0.0399	0.0402
7.05	0.0402	0.04	0.04	0.04	0.0402
7.1	0.0402	0.04	0.04	0.04	0.0402
7.15	0.0402	0.04	0.04	0.04	0.0402
7.2	0.0402	0.04	0.0401	0.04	0.0402
7.25	0.0401	0.04	0.0401	0.04	0.0401
7.3	0.0401	0.04	0.0401	0.04	0.0401
7.35	0.0401	0.04	0.0401	0.04	0.0401
7.4	0.0401	0.04	0.0401	0.04	0.0401
7.45	0.0401	0.04	0.0401	0.04	0.0401
7.5	0.04	0.04	0.0401	0.04	0.04
7.55	0.04	0.04	0.0401	0.04	0.04
7.6	0.04	0.04	0.0401	0.04	0.04
7.65	0.04	0.04	0.0401	0.04	0.04
7.7	0.04	0.04	0.0401	0.04	0.04
7.75	0.04	0.04	0.0401	0.04	0.04
7.8	0.04	0.0401	0.0401	0.0401	0.04
7.85	0.04	0.0401	0.0401	0.0401	0.04
7.9	0.04	0.0401	0.0401	0.0401	0.04
7.95	0.04	0.0401	0.0401	0.0401	0.04
8	0.04	0.0401	0.0401	0.0401	0.04
8.05	0.04	0.0401	0.0401	0.0401	0.04
8.1	0.04	0.0401	0.0401	0.0401	0.04
8.15	0.04	0.0401	0.0401	0.0401	0.04
8.2	0.04	0.0401	0.0401	0.0401	0.04
8.25	0.04	0.0401	0.0401	0.0401	0.04
8.3	0.04	0.0401	0.0401	0.0401	0.04
8.35	0.04	0.0401	0.0401	0.0401	0.04
8.4	0.04	0.0401	0.0401	0.0401	0.04
8.45	0.04	0.0401	0.0401	0.0401	0.04
8.5	0.04	0.0401	0.0401	0.0401	0.04
8.55	0.04	0.0401	0.0401	0.0401	0.04
8.6	0.04	0.0401	0.0401	0.0401	0.04
8.65	0.04	0.0401	0.0401	0.0401	0.04
8.7	0.04	0.0401	0.0401	0.0401	0.04
8.75	0.04	0.0401	0.0401	0.0401	0.04
8.8	0.0401	0.0401	0.0401	0.0401	0.0401
8.85	0.0401	0.0401	0.0401	0.0401	0.0401
8.9	0.0401	0.04	0.0401	0.04	0.0401
8.95	0.0401	0.04	0.0401	0.04	0.0401
9	0.0401	0.04	0.0401	0.04	0.0401
9.05	0.0401	0.04	0.04	0.04	0.0401
9.1	0.0401	0.04	0.04	0.04	0.0401
9.15	0.0401	0.04	0.04	0.04	0.0401
9.2	0.0401	0.04	0.04	0.04	0.0401
9.25	0.0401	0.04	0.04	0.04	0.0401
9.3	0.0401	0.04	0.04	0.04	0.0401
9.35	0.0401	0.04	0.04	0.04	0.0401
9.4	0.0401	0.04	0.04	0.04	0.0401
9.45	0.0401	0.04	0.04	0.04	0.0401
9.5	0.0401	0.04	0.04	0.04	0.0401
9.55	0.0401	0.04	0.04	0.04	0.0401
9.6	0.0401	0.04	0.04	0.04	0.0401
9.65	0.0401	0.04	0.04	0.04	0.0401
9.7	0.04	0.04	0.04	0.04	0.04
9.75	0.04	0.04	0.04	0.04	0.04
9.8	0.04	0.04	0.04	0.04	0.04
9.85	0.04	0.04	0.04	0.04	0.04
9.9	0.04	0.04	0.04	0.04	0.04
9.95	0.04	0.04	0.04	0.04	0.04
10	0.04	0.04	0.04	0.04	0.04
10.1	0.04	0.04	0.04	0.04	0.04
10.1	0.04	0.04	0.04	0.04	0.04
10.2	0.04	0.04	0.04	0.04	0.04
10.2	0.04	0.04	0.04	0.04	0.04
10.3	0.04	0.04	0.04	0.04	0.04
10.3	0.04	0.04	0.04	0.04	0.04
10.4	0.04	0.04	0.04	0.04	0.04
10.4	0.04	0.04	0.04	0.04	0.04
10.5	0.04	0.04	0.04	0.04	0.04
10.5	0.04	0.04	0.04	0.04	0.04
10.6	0.04	0.04	0.04	0.04	0.04
10.6	0.04	0.04	0.04	0.04	0.04
10.7	0.04	0.04	0.04	0.04	0.04
10.7	0.04	0.04	0.04	0.04	0.04
10.8	0.04	0.04	0.04	0.04	0.04
10.8	0.04	0.04	0.04	0.04	0.04
10.9	0.04	0.04	0.04	0.04	0.04
10.9	0.04	0.04	0.04	0.04	0.04
11	0.04	0.04	0.04	0.04	0.04
11	0.04	0.04	0.04	0.04	0.04
11.1	0.04	0.04	0.04	0.04	0.04
11.1	0.04	0.04	0.04	0.04	0.04
11.2	0.04	0.04	0.04	0.04	0.04
11.2	0.04	0.04	0.04	0.04	0.04
11.3	0.04	0.04	0.04	0.04	0.04
11.3	0.04	0.04	0.04	0.04	0.04
11.4	0.04	0.04	0.04	0.04	0.04
11.4	0.04	0.04	0.04	0.04	0.04
11.5	0.04	0.04	0.04	0.04	0.04
11.5	0.04	0.04	0.04	0.04	0.04
11.6	0.04	0.04	0.04	0.04	0.04
11.6	0.04	0.04	0.04	0.04	0.04
11.7	0.04	0.04	0.04	0.04	0.04
11.7	0.04	0.04	0.04	0.04	0.04
11.8	0.04	0.04	0.04	0.04	0.04
11.8	0.04	0.04	0.04	0.04	0.04
11.9	0.04	0.04	0.04	0.04	0.04
11.9	0.04	0.04	0.04	0.04	0.04
12	0.04	0.04	0.04	0.04	0.04
12	0.04	0.04	0.04	0.04	0.04
12.1	0.04	0.04	0.04	0.04	0.04
12.1	0.04	0.04	0.04	0.04	0.04
12.2	0.04	0.04	0.04	0.04	0.04
12.2	0.04	0.04	0.04	0.04	0.04
12.3	0.04	0.04	0.04	0.04	0.04
12.3	0.04	0.04	0.04	0.04	0.04
12.4	0.04	0.04	0.04	0.04	0.04
12.4	0.04	0.04	0.04	0.04	0.04
12.5	0.04	0.04	0.04	0.04	0.04
12.5	0.04	0.04	0.04	0.04	0.04
12.6	0.04	0.04	0.04	0.04	0.04
12.6	0.04	0.04	0.04	0.04	0.04
12.7	0.04	0.04	0.04	0.04	0.04
12.7	0.04	0.04	0.04	0.04	0.04
12.8	0.04	0.04	0.04	0.04	0.04
12.8	0.04	0.04	0.04	0.04	0.04
12.9	0.04	0.04	0.04	0.04	0.04
12.9	0.04	0.04	0.04	0.04	0.04
13	0.04	0.04	0.04	0.04	0.04
13	0.04	0.04	0.04	0.04	0.04
13.1	0.04	0.04	0.04	0.04	0.04
13.1	0.04	0.04	0.04	0.04	0.04
13.2	0.04	0.04	0.04	0.04	0.04
13.2	0.04	0.04	0.04	0.04	0.04
13.3	0.04	0.04	0.04	0.04	0.04
13.3	0.04	0.04	0.04	0.04	0.04
13.4	0.04	0.04	0.04	0.04	0.04
13.4	0.04	0.04	0.04	0.04	0.04
13.5	0.04	0.04	0.04	0.04	0.04
13.5	0.04	0.04	0.04	0.04	0.04
13.6	0.04	0.04	0.04	0.04	0.04
13.6	0.04	0.04	0.04	0.04	0.04
13.7	0.04	0.04	0.04	0.04	0.04
13.7	0.04	0.04	0.04	0.04	0.04
13.8	0.04	0.04	0.04	0.04	0.04
13.8	0.04	0.04	0.04	0.04	0.04
13.9	0.04	0.04	0.04	0.04	0.04
13.9	0.04	0.04	0.04	0.04	0.04
14	0.04	0.04	0.04	0.04	0.04
14	0.04	0.04	0.04	0.04	0.04
14.1	0.04	0.04	0.04	0.04	0.04
14.1	0.04	0.04	0.04	0.04	0.04
14.2	0.04	0.04	0.04	0.04	0.04
14.2	0.04	0.04	0.04	0.04	0.04
14.3	0.04	0.04	0.04	0.04	0.04
14.3	0.04	0.04	0.04	0.04	0.04
14.4	0.04	0.04	0.04	0.04	0.04
14.4	0.04	0.04	0.04	0.04	0.04
14.5	0.04	0.04	0.04	0.04	0.04
14.5	0.04	0.04	0.04	0.04	0.04
14.6	0.04	0.04	0.04	0.04	0.04
14.6	0.04	0.04	0.04	0.04	0.04
14.7	0.04	0.04	0.04	0.04	0.04
14.7	0.04	0.04	0.04	0.04	0.04
14.8	0.04	0.04	0.04	0.04	0.04
14.8	0.04	0.04	0.04	0.04	0.04
14.9	0.04	0.04	0.04	0.04	0.04
14.9	0.04	0.04	0.04	0.04	0.04
15	0.04	0.04	0.04	0.04	0.04
