DENSITY
HSRHOBAR
CAVWTC
WJDCFIELD
 0.000000	 8.29063e-45	1.03633e-45	0.783812	0.385384	2.3613	0.383775	0.783812	-6.93891e-17	-3.46944e-18	0.410403	0.410403	0.000264378	7.34969	0.783812	
 0.100000	 8.29063e-45	1.03633e-45	0.783812	0.385384	2.3613	0.383775	0.783812	-1.91597e-17	7.62249e-18	0.410403	0.410403	0.000264378	7.34969	0.783812	
 0.200000	 8.29063e-45	1.03633e-45	0.783812	0.385384	2.3613	0.383775	0.783812	-1.66322e-16	-1.3161e-17	0.410403	0.410403	0.000264378	7.34969	0.783812	
 0.300000	 8.29063e-45	1.03633e-45	0.783812	0.385384	2.3613	0.383775	0.783812	-3.11136e-16	-4.56313e-17	0.410403	0.410403	0.000264378	7.34969	0.783812	
 0.400000	 8.29063e-45	1.03633e-45	0.783812	0.385384	2.3613	0.383775	0.783812	-3.8067e-16	-6.31488e-17	0.410403	0.410403	0.000264378	7.34969	0.783812	
 0.500000	 8.29063e-45	1.03633e-45	0.783812	0.385384	2.3613	0.383775	0.783812	-4.27136e-16	-5.38177e-17	0.410403	0.410403	0.000264378	7.34969	0.783812	
 0.600000	 8.29063e-45	1.03633e-45	0.783812	0.385384	2.3613	0.383775	0.783812	-2.64301e-16	-3.32842e-17	0.410403	0.410403	0.000264378	7.34969	0.783812	
 0.700000	 8.29063e-45	1.03633e-45	0.783812	0.385384	2.3613	0.383775	0.783812	1.21025e-16	2.79206e-17	0.410403	0.410403	0.000264378	7.34969	0.783812	
 0.800000	 8.29063e-45	1.03633e-45	0.783812	0.385384	2.3613	0.383775	0.783812	9.33651e-16	1.61247e-16	0.410403	0.410403	0.000264378	7.34969	0.783812	
 0.900000	 8.29063e-45	1.03633e-45	0.783812	0.385384	2.3613	0.383775	0.783812	1.21847e-15	2.01075e-16	0.410403	0.410403	0.000264378	7.34969	0.783812	
 1.000000	 8.29063e-45	1.03633e-45	0.783812	0.385384	2.3613	0.383775	0.783812	1.06975e-15	1.67312e-16	0.410403	0.410403	0.000264378	7.34969	0.783812	
 1.100000	 8.29063e-45	1.03633e-45	0.783812	0.385384	2.3613	0.383775	0.783812	7.70623e-16	1.29732e-16	0.410403	0.410403	0.000264378	7.34969	0.783812	
 1.200000	 8.29063e-45	1.03633e-45	0.783812	0.385384	2.3613	0.383775	0.783812	2.60703e-16	5.66858e-17	0.410403	0.410403	0.000264378	7.34969	0.783812	
 1.300000	 8.29063e-45	1.03633e-45	0.783812	0.385384	2.3613	0.383775	0.783812	-7.05462e-17	-2.54045e-18	0.410403	0.410403	0.000264378	7.34969	0.783812	
 1.400000	 8.29063e-45	1.03633e-45	0.783812	0.385384	2.3613	0.383775	0.783812	-4.60683e-16	-8.09304e-17	0.410403	0.410403	0.000264378	7.34969	0.783812	
 1.500000	 8.29063e-45	1.03633e-45	0.783812	0.385384	2.3613	0.383775	0.783812	-8.71846e-16	-1.41407e-16	0.410403	0.410403	0.000264378	7.34969	0.783812	
 1.600000	 8.29063e-45	1.03633e-45	0.783812	0.385384	2.3613	0.383775	0.783812	-1.51872e-15	-2.33712e-16	0.410403	0.410403	0.000264378	7.34969	0.783812	
 1.700000	 8.29063e-45	1.03633e-45	0.783812	0.385384	2.3613	0.383775	0.783812	-1.54752e-15	-2.37485e-16	0.410403	0.410403	0.000264378	7.34969	0.783812	
 1.800000	 8.29063e-45	1.03633e-45	0.783812	0.385384	2.3613	0.383775	0.783812	-2.43125e-16	-3.8595e-17	0.410403	0.410403	0.000264378	7.34969	0.783812	
 1.900000	 8.29063e-45	1.03633e-45	0.783812	0.385384	2.3613	0.383775	0.783812	7.35292e-16	1.27549e-16	0.410403	0.410403	0.000264378	7.34969	0.783812	
 2.000000	 8.29063e-45	1.03633e-45	0.783812	0.385384	2.3613	0.383775	0.783812	7.52062e-16	1.36826e-16	0.410403	0.410403	0.000264378	7.34969	0.783812	
 2.100000	 8.29063e-45	1.03633e-45	0.783812	0.385384	2.3613	0.383775	0.783812	4.76392e-17	3.01819e-18	0.410403	0.410403	0.000264378	7.34969	0.783812	
 2.200000	 8.29063e-45	1.03633e-45	0.783812	0.385384	2.3613	0.383775	0.783812	-6.47779e-16	-1.1018e-16	0.410403	0.410403	0.000264378	7.34969	0.783812	
 2.300000	 8.29063e-45	1.03633e-45	0.783812	0.385384	2.3613	0.383775	0.783812	-6.94644e-16	-1.17623e-16	0.410403	0.410403	0.000264378	7.34969	0.783812	
 2.400000	 8.29063e-45	1.03633e-45	0.783812	0.385384	2.3613	0.383775	0.783812	-4.89601e-16	-7.32194e-17	0.410403	0.410403	0.000264378	7.34969	0.783812	
 2.500000	 8.29063e-45	1.03633e-45	0.783812	0.385384	2.3613	0.383775	0.783812	-2.00202e-16	-2.4165e-17	0.410403	0.410403	0.000264378	7.34969	0.783812	
 2.600000	 8.29063e-45	1.03633e-45	0.783812	0.385384	2.3613	0.383775	0.783812	-3.5057e-16	-3.62393e-17	0.410403	0.410403	0.000264378	7.34969	0.783812	
 2.700000	 8.29063e-45	1.03633e-45	0.783812	0.385384	2.3613	0.383775	0.783812	-3.41695e-17	3.8386e-18	0.410403	0.410403	0.000264378	7.34969	0.783812	
 2.800000	 8.29063e-45	1.03633e-45	0.783812	0.385384	2.3613	0.383775	0.783812	1.08708e-15	1.85042e-16	0.410403	0.410403	0.000264378	7.34969	0.783812	
 2.900000	 8.29063e-45	1.03633e-45	0.783812	0.385384	2.3613	0.383775	0.783812	1.68074e-15	2.8156e-16	0.410403	0.410403	0.000264378	7.34969	0.783812	
 3.000000	 8.29063e-45	1.03633e-45	0.783812	0.385384	2.3613	0.383775	0.783812	1.39175e-15	2.35348e-16	0.410403	0.410403	0.000264378	7.34969	0.783812	
 3.100000	 8.29063e-45	1.03633e-45	0.783812	0.385384	2.3613	0.383775	0.783812	3.0066e-16	5.36932e-17	0.410403	0.410403	0.000264378	7.34969	0.783812	
 3.200000	 8.29063e-45	1.03633e-45	0.783812	0.385384	2.3613	0.383775	0.783812	-7.41432e-16	-1.01451e-16	0.410403	0.410403	0.000264378	7.34969	0.783812	
 3.300000	 8.29063e-45	1.03633e-45	0.783812	0.385384	2.3613	0.383775	0.783812	-1.02787e-15	-1.52879e-16	0.410403	0.410403	0.000264378	7.34969	0.783812	
 3.400000	 8.29063e-45	1.03633e-45	0.783812	0.385384	2.3613	0.383775	0.783812	-8.43509e-16	-1.32146e-16	0.410403	0.410403	0.000264378	7.34969	0.783812	
 3.500000	 8.29063e-45	1.03633e-45	0.783812	0.385384	2.3613	0.383775	0.783812	-3.46613e-16	-4.97498e-17	0.410403	0.410403	0.000264378	7.34969	0.783812	
 3.600000	 8.29063e-45	1.03633e-45	0.783812	0.385384	2.3613	0.383775	0.783812	-4.223e-16	-4.56394e-17	0.410403	0.410403	0.000264378	7.34969	0.783812	
 3.700000	 8.29063e-45	1.03633e-45	0.783812	0.385384	2.3613	0.383775	0.783812	-1.00704e-16	-1.21809e-17	0.410403	0.410403	0.000264378	7.34969	0.783812	
 3.800000	 8.29063e-45	1.03633e-45	0.783812	0.385384	2.3613	0.383775	0.783812	7.9641e-16	1.39697e-16	0.410403	0.410403	0.000264378	7.34969	0.783812	
 3.900000	 8.29063e-45	1.03633e-45	0.783812	0.385384	2.3613	0.383775	0.783812	1.33248e-15	2.26556e-16	0.410403	0.410403	0.000264378	7.34969	0.783812	
 4.000000	 8.29063e-45	1.03633e-45	0.783812	0.385384	2.3613	0.383775	0.783812	1.43004e-15	2.22484e-16	0.410403	0.410403	0.000264378	7.34969	0.783812	
 4.100000	 8.29063e-45	1.03633e-45	0.783812	0.385384	2.3613	0.383775	0.783812	9.89197e-16	1.74159e-16	0.410403	0.410403	0.000264378	7.34969	0.783812	
 4.200000	 8.29063e-45	1.03633e-45	0.783812	0.385384	2.3613	0.383775	0.783812	2.48112e-16	3.46361e-17	0.410403	0.410403	0.000264378	7.34969	0.783812	
 4.300000	 8.29063e-45	1.03633e-45	0.783812	0.385384	2.3613	0.383775	0.783812	-1.18593e-15	-1.84314e-16	0.410403	0.410403	0.000264378	7.34969	0.783812	
 4.400000	 8.29063e-45	1.03633e-45	0.783812	0.385384	2.3613	0.383775	0.783812	-1.55458e-15	-2.43029e-16	0.410403	0.410403	0.000264378	7.34969	0.783812	
 4.500000	 8.29063e-45	1.03633e-45	0.783812	0.385384	2.3613	0.383775	0.783812	-1.4321e-15	-2.27279e-16	0.410403	0.410403	0.000264378	7.34969	0.783812	
 4.600000	 8.29063e-45	1.03633e-45	0.783812	0.385384	2.3613	0.383775	0.783812	-1.66497e-15	-2.57199e-16	0.410403	0.410403	0.000264378	7.34969	0.783812	
 4.700000	 8.29063e-45	1.03633e-45	0.783812	0.385384	2.3613	0.383775	0.783812	-1.36187e-15	-2.1709e-16	0.410403	0.410403	0.000264378	7.34969	0.783812	
 4.800000	 8.29063e-45	1.03633e-45	0.783812	0.385384	2.3613	0.383775	0.783812	-6.40766e-16	-1.08273e-16	0.410403	0.410403	0.000264378	7.34969	0.783812	
 4.900000	 8.29063e-45	1.03633e-45	0.783812	0.385384	2.3613	0.383775	0.783812	-2.05612e-16	-3.35937e-17	0.410403	0.410403	0.000264378	7.34969	0.783812	
 5.000000	 8.29063e-45	1.03633e-45	0.783812	0.385384	2.3613	0.383775	0.783812	5.35424e-16	9.19482e-17	0.410403	0.410403	0.000264378	7.34969	0.783812	
 5.100000	 8.29063e-45	1.03633e-45	0.783812	0.385384	2.3613	0.383775	0.783812	1.80136e-15	3.10548e-16	0.410403	0.410403	0.000264378	7.34969	0.783812	
 5.200000	 8.29063e-45	1.03633e-45	0.783812	0.385384	2.3613	0.383775	0.783812	2.28662e-15	3.6356e-16	0.410403	0.410403	0.000264378	7.34969	0.783812	
 5.300000	 8.29063e-45	1.03633e-45	0.783812	0.385384	2.3613	0.383775	0.783812	1.57321e-15	2.70583e-16	0.410403	0.410403	0.000264378	7.34969	0.783812	
 5.400000	 8.29063e-45	1.03633e-45	0.783812	0.385384	2.3613	0.383775	0.783812	1.05077e-15	1.77277e-16	0.410403	0.410403	0.000264378	7.34969	0.783812	
 5.500000	 8.29063e-45	1.03633e-45	0.783812	0.385384	2.3613	0.383775	0.783812	1.7475e-16	3.20069e-17	0.410403	0.410403	0.000264378	7.34969	0.783812	
 5.600000	 8.29063e-45	1.03633e-45	0.783812	0.385384	2.3613	0.383775	0.783812	-6.85173e-16	-1.09691e-16	0.410403	0.410403	0.000264378	7.34969	0.783812	
 5.700000	 8.29063e-45	1.03633e-45	0.783812	0.385384	2.3613	0.383775	0.783812	-9.66603e-16	-1.55063e-16	0.410403	0.410403	0.000264378	7.34969	0.783812	
 5.800000	 8.29063e-45	1.03633e-45	0.783812	0.385384	2.3613	0.383775	0.783812	-1.28587e-15	-2.08201e-16	0.410403	0.410403	0.000264378	7.34969	0.783812	
 5.900000	 8.29063e-45	1.03633e-45	0.783812	0.385384	2.3613	0.383775	0.783812	-1.92606e-15	-3.11935e-16	0.410403	0.410403	0.000264378	7.34969	0.783812	
 6.000000	 8.29063e-45	1.03633e-45	0.783812	0.385384	2.3613	0.383775	0.783812	-1.64873e-15	-2.59148e-16	0.410403	0.410403	0.000264378	7.34969	0.783812	
 6.100000	 8.29063e-45	1.03633e-45	0.783812	0.385384	2.3613	0.383775	0.783812	-7.45905e-17	-5.64748e-18	0.410403	0.410403	0.000264378	7.34969	0.783812	
 6.200000	 8.29063e-45	1.03633e-45	0.783812	0.385384	2.3613	0.383775	0.783812	6.26384e-16	1.05684e-16	0.410403	0.410403	0.000264378	7.34969	0.783812	
 6.300000	 8.29063e-45	1.03633e-45	0.783812	0.385384	2.3613	0.383775	0.783812	6.69059e-16	1.13104e-16	0.410403	0.410403	0.000264378	7.34969	0.783812	
 6.400000	 8.29063e-45	1.03633e-45	0.783812	0.385384	2.3613	0.383775	0.783812	5.1874e-16	9.58267e-17	0.410403	0.410403	0.000264378	7.34969	0.783812	
 6.500000	 8.29063e-45	1.03633e-45	0.783812	0.385384	2.3613	0.383775	0.783812	9.29202e-17	1.93194e-17	0.410403	0.410403	0.000264378	7.34969	0.783812	
 6.600000	 8.29063e-45	1.03633e-45	0.783812	0.385384	2.3613	0.383775	0.783812	4.86201e-17	1.54444e-17	0.410403	0.410403	0.000264378	7.34969	0.783812	
 6.700000	 8.29063e-45	1.03633e-45	0.783812	0.385384	2.3613	0.383775	0.783812	5.11749e-17	1.80197e-17	0.410403	0.410403	0.000264378	7.34969	0.783812	
 6.800000	 8.29063e-45	1.03633e-45	0.783812	0.385384	2.3613	0.383775	0.783812	-2.0511e-16	-2.91855e-17	0.410403	0.410403	0.000264378	7.34969	0.783812	
 6.900000	 8.29063e-45	1.03633e-45	0.783812	0.385384	2.3613	0.383775	0.783812	-2.83212e-16	-3.16996e-17	0.410403	0.410403	0.000264378	7.34969	0.783812	
 7.000000	 8.29063e-45	1.03633e-45	0.783812	0.385384	2.3613	0.383775	0.783812	3.1913e-16	5.96841e-17	0.410403	0.410403	0.000264378	7.34969	0.783812	
 7.100000	 8.29063e-45	1.03633e-45	0.783812	0.385384	2.3613	0.383775	0.783812	1.02188e-15	1.70234e-16	0.410403	0.410403	0.000264378	7.34969	0.783812	
 7.200000	 8.29063e-45	1.03633e-45	0.783812	0.385384	2.3613	0.383775	0.783812	5.1298e-16	9.88052e-17	0.410403	0.410403	0.000264378	7.34969	0.783812	
 7.300000	 8.29063e-45	1.03633e-45	0.783812	0.385384	2.3613	0.383775	0.783812	-9.33009e-19	4.94158e-18	0.410403	0.410403	0.000264378	7.34969	0.783812	
 7.400000	 8.29063e-45	1.03633e-45	0.783812	0.385384	2.3613	0.383775	0.783812	-2.66669e-16	-2.72698e-17	0.410403	0.410403	0.000264378	7.34969	0.783812	
 7.500000	 8.29063e-45	1.03633e-45	0.783812	0.385384	2.3613	0.383775	0.783812	-6.5333e-16	-1.0056e-16	0.410403	0.410403	0.000264378	7.34969	0.783812	
 7.600000	 8.29063e-45	1.03633e-45	0.783812	0.385384	2.3613	0.383775	0.783812	-1.02384e-15	-1.47466e-16	0.410403	0.410403	0.000264378	7.34969	0.783812	
 7.700000	 8.29063e-45	1.03633e-45	0.783812	0.385384	2.3613	0.383775	0.783812	-1.36094e-15	-2.21378e-16	0.410403	0.410403	0.000264378	7.34969	0.783812	
 7.800000	 8.29063e-45	1.03633e-45	0.783812	0.385384	2.3613	0.383775	0.783812	-1.32613e-15	-2.09755e-16	0.410403	0.410403	0.000264378	7.34969	0.783812	
 7.900000	 8.29063e-45	1.03633e-45	0.783812	0.385384	2.3613	0.383775	0.783812	-4.3451e-16	-6.47078e-17	0.410403	0.410403	0.000264378	7.34969	0.783812	
 8.000000	 8.29063e-45	1.03633e-45	0.783812	0.385384	2.3613	0.383775	0.783812	8.23381e-16	1.34842e-16	0.410403	0.410403	0.000264378	7.34969	0.783812	
 8.100000	 8.29063e-45	1.03633e-45	0.783812	0.385384	2.3613	0.383775	0.783812	1.01274e-15	1.71652e-16	0.410403	0.410403	0.000264378	7.34969	0.783812	
 8.200000	 8.29063e-45	1.03633e-45	0.783812	0.385384	2.3613	0.383775	0.783812	3.1917e-16	6.0031e-17	0.410403	0.410403	0.000264378	7.34969	0.783812	
 8.300000	 8.29063e-45	1.03633e-45	0.783812	0.385384	2.3613	0.383775	0.783812	3.27906e-16	6.47521e-17	0.410403	0.410403	0.000264378	7.34969	0.783812	
 8.400000	 8.29063e-45	1.03633e-45	0.783812	0.385384	2.3613	0.383775	0.783812	7.67502e-16	1.24567e-16	0.410403	0.410403	0.000264378	7.34969	0.783812	
 8.500000	 8.29063e-45	1.03633e-45	0.783812	0.385384	2.3613	0.383775	0.783812	5.73136e-16	9.05934e-17	0.410403	0.410403	0.000264378	7.34969	0.783812	
 8.600000	 8.29063e-45	1.03633e-45	0.783812	0.385384	2.3613	0.383775	0.783812	1.72004e-16	1.59542e-17	0.410403	0.410403	0.000264378	7.34969	0.783812	
 8.700000	 8.29063e-45	1.03633e-45	0.783812	0.385384	2.3613	0.383775	0.783812	-3.56099e-16	-3.48722e-17	0.410403	0.410403	0.000264378	7.34969	0.783812	
 8.800000	 8.29063e-45	1.03633e-45	0.783812	0.385384	2.3613	0.383775	0.783812	-2.82595e-16	-4.03786e-17	0.410403	0.410403	0.000264378	7.34969	0.783812	
 8.900000	 8.29063e-45	1.03633e-45	0.783812	0.385384	2.3613	0.383775	0.783812	5.02635e-16	7.41836e-17	0.410403	0.410403	0.000264378	7.34969	0.783812	
 9.000000	 8.29063e-45	1.03633e-45	0.783812	0.385384	2.3613	0.383775	0.783812	1.2331e-15	2.03332e-16	0.410403	0.410403	0.000264378	7.34969	0.783812	
 9.100000	 8.29063e-45	1.03633e-45	0.783812	0.385384	2.3613	0.383775	0.783812	9.75285e-16	1.71363e-16	0.410403	0.410403	0.000264378	7.34969	0.783812	
 9.200000	 8.29063e-45	1.03633e-45	0.783812	0.385384	2.3613	0.383775	0.783812	-2.78155e-17	-4.38231e-18	0.410403	0.410403	0.000264378	7.34969	0.783812	
 9.300000	 8.29063e-45	1.03633e-45	0.783812	0.385384	2.3613	0.383775	0.783812	-7.7303e-16	-1.2674e-16	0.410403	0.410403	0.000264378	7.34969	0.783812	
 9.400000	 8.29063e-45	1.03633e-45	0.783812	0.385384	2.3613	0.383775	0.783812	-9.46385e-16	-1.60158e-16	0.410403	0.410403	0.000264378	7.34969	0.783812	
 9.500000	 8.29063e-45	1.03633e-45	0.783812	0.385384	2.3613	0.383775	0.783812	-1.13006e-15	-1.78982e-16	0.410403	0.410403	0.000264378	7.34969	0.783812	
 9.600000	 8.29063e-45	1.03633e-45	0.783812	0.385384	2.3613	0.383775	0.783812	-1.42016e-15	-2.25166e-16	0.410403	0.410403	0.000264378	7.34969	0.783812	
 9.700000	 8.29063e-45	1.03633e-45	0.783812	0.385384	2.3613	0.383775	0.783812	-1.21464e-15	-1.88242e-16	0.410403	0.410403	0.000264378	7.34969	0.783812	
 9.800000	 8.29063e-45	1.03633e-45	0.783812	0.385384	2.3613	0.383775	0.783812	-5.54466e-16	-8.72975e-17	0.410403	0.410403	0.000264378	7.34969	0.783812	
 9.900000	 8.29063e-45	1.03633e-45	0.783812	0.385384	2.3613	0.383775	0.783812	4.47847e-16	8.00438e-17	0.410403	0.410403	0.000264378	7.34969	0.783812	
10.000000	 8.29063e-45	1.03633e-45	0.783812	0.385384	2.3613	0.383775	0.783812	8.69961e-16	1.48894e-16	0.410403	0.410403	0.000264378	7.34969	0.783812	
10.100000	 8.29063e-45	1.03633e-45	0.783812	0.385384	2.3613	0.383775	0.783812	6.9663e-16	1.27353e-16	0.410403	0.410403	0.000264378	7.34969	0.783812	
10.200000	 8.29063e-45	1.03633e-45	0.783812	0.385384	2.3613	0.383775	0.783812	3.52002e-16	6.74182e-17	0.410403	0.410403	0.000264378	7.34969	0.783812	
10.300000	 8.29063e-45	1.03633e-45	0.783812	0.385384	2.3613	0.383775	0.783812	9.86315e-17	1.24558e-17	0.410403	0.410403	0.000264378	7.34969	0.783812	
10.400000	 8.29063e-45	1.03633e-45	0.783812	0.385384	2.3613	0.383775	0.783812	2.90132e-16	5.94408e-17	0.410403	0.410403	0.000264378	7.34969	0.783812	
10.500000	 8.29063e-45	1.03633e-45	0.783812	0.385384	2.3613	0.383775	0.783812	3.69808e-17	1.84428e-17	0.410403	0.410403	0.000264378	7.34969	0.783812	
10.600000	 8.29063e-45	1.03633e-45	0.783812	0.385384	2.3613	0.383775	0.783812	-2.10835e-16	-4.3455e-17	0.410403	0.410403	0.000264378	7.34969	0.783812	
10.700000	 8.29063e-45	1.03633e-45	0.783812	0.385384	2.3613	0.383775	0.783812	1.56297e-16	4.12248e-17	0.410403	0.410403	0.000264378	7.34969	0.783812	
10.800000	 8.29063e-45	1.03633e-45	0.783812	0.385384	2.3613	0.383775	0.783812	9.76472e-16	1.60448e-16	0.410403	0.410403	0.000264378	7.34969	0.783812	
10.900000	 8.29063e-45	1.03633e-45	0.783812	0.385384	2.3613	0.383775	0.783812	1.08655e-15	1.70526e-16	0.410403	0.410403	0.000264378	7.34969	0.783812	
11.000000	 8.29063e-45	1.03633e-45	0.783812	0.385384	2.3613	0.383775	0.783812	1.64146e-16	2.72008e-17	0.410403	0.410403	0.000264378	7.34969	0.783812	
11.100000	 8.29063e-45	1.03633e-45	0.783812	0.385384	2.3613	0.383775	0.783812	-6.24157e-16	-9.03858e-17	0.410403	0.410403	0.000264378	7.34969	0.783812	
11.200000	 8.29063e-45	1.03633e-45	0.783812	0.385384	2.3613	0.383775	0.783812	-8.61038e-16	-1.48257e-16	0.410403	0.410403	0.000264378	7.34969	0.783812	
11.300000	 8.29063e-45	1.03633e-45	0.783812	0.385384	2.3613	0.383775	0.783812	-4.84034e-16	-7.29583e-17	0.410403	0.410403	0.000264378	7.34969	0.783812	
11.400000	 8.29063e-45	1.03633e-45	0.783812	0.385384	2.3613	0.383775	0.783812	-1.67939e-16	-2.10403e-17	0.410403	0.410403	0.000264378	7.34969	0.783812	
11.500000	 8.29063e-45	1.03633e-45	0.783812	0.385384	2.3613	0.383775	0.783812	-5.06029e-16	-9.08794e-17	0.410403	0.410403	0.000264378	7.34969	0.783812	
11.600000	 8.29063e-45	1.03633e-45	0.783812	0.385384	2.3613	0.383775	0.783812	-8.57158e-16	-1.34563e-16	0.410403	0.410403	0.000264378	7.34969	0.783812	
11.700000	 8.29063e-45	1.03633e-45	0.783812	0.385384	2.3613	0.383775	0.783812	-2.6022e-16	-2.95482e-17	0.410403	0.410403	0.000264378	7.34969	0.783812	
11.800000	 8.29063e-45	1.03633e-45	0.783812	0.385384	2.3613	0.383775	0.783812	6.80855e-16	1.26518e-16	0.410403	0.410403	0.000264378	7.34969	0.783812	
11.900000	 8.29063e-45	1.03633e-45	0.783812	0.385384	2.3613	0.383775	0.783812	5.74413e-16	8.21897e-17	0.410403	0.410403	0.000264378	7.34969	0.783812	
12.000000	 8.29063e-45	1.03633e-45	0.783812	0.385384	2.3613	0.383775	0.783812	-2.69315e-16	-4.07504e-17	0.410403	0.410403	0.000264378	7.34969	0.783812	
12.100000	 8.29063e-45	1.03633e-45	0.783812	0.385384	2.3613	0.383775	0.783812	-5.96387e-16	-1.03153e-16	0.410403	0.410403	0.000264378	7.34969	0.783812	
12.200000	 8.29063e-45	1.03633e-45	0.783812	0.385384	2.3613	0.383775	0.783812	-4.13155e-16	-5.56231e-17	0.410403	0.410403	0.000264378	7.34969	0.783812	
12.300000	 8.29063e-45	1.03633e-45	0.783812	0.385384	2.3613	0.383775	0.783812	2.4927e-16	5.01821e-17	0.410403	0.410403	0.000264378	7.34969	0.783812	
12.400000	 8.29063e-45	1.03633e-45	0.783812	0.385384	2.3613	0.383775	0.783812	2.70918e-16	3.6556e-17	0.410403	0.410403	0.000264378	7.34969	0.783812	
12.500000	 8.29063e-45	1.03633e-45	0.783812	0.385384	2.3613	0.383775	0.783812	-3.43835e-16	-5.05509e-17	0.410403	0.410403	0.000264378	7.34969	0.783812	
12.600000	 8.29063e-45	1.03633e-45	0.783812	0.385384	2.3613	0.383775	0.783812	-3.75532e-16	-6.31936e-17	0.410403	0.410403	0.000264378	7.34969	0.783812	
12.700000	 8.29063e-45	1.03633e-45	0.783812	0.385384	2.3613	0.383775	0.783812	4.1717e-16	7.37025e-17	0.410403	0.410403	0.000264378	7.34969	0.783812	
12.800000	 8.29063e-45	1.03633e-45	0.783812	0.385384	2.3613	0.383775	0.783812	8.809e-16	1.48917e-16	0.410403	0.410403	0.000264378	7.34969	0.783812	
12.900000	 8.29063e-45	1.03633e-45	0.783812	0.385384	2.3613	0.383775	0.783812	4.4315e-16	7.44523e-17	0.410403	0.410403	0.000264378	7.34969	0.783812	
13.000000	 8.29063e-45	1.03633e-45	0.783812	0.385384	2.3613	0.383775	0.783812	-2.57656e-16	-2.10934e-17	0.410403	0.410403	0.000264378	7.34969	0.783812	
13.100000	 8.29063e-45	1.03633e-45	0.783812	0.385384	2.3613	0.383775	0.783812	-3.9671e-16	-6.57985e-17	0.410403	0.410403	0.000264378	7.34969	0.783812	
13.200000	 8.29063e-45	1.03633e-45	0.783812	0.385384	2.3613	0.383775	0.783812	-5.29123e-18	1.63239e-17	0.410403	0.410403	0.000264378	7.34969	0.783812	
13.300000	 8.29063e-45	1.03633e-45	0.783812	0.385384	2.3613	0.383775	0.783812	3.57224e-16	4.6359e-17	0.410403	0.410403	0.000264378	7.34969	0.783812	
13.400000	 8.29063e-45	1.03633e-45	0.783812	0.385384	2.3613	0.383775	0.783812	1.13454e-16	9.2686e-18	0.410403	0.410403	0.000264378	7.34969	0.783812	
13.500000	 8.29063e-45	1.03633e-45	0.783812	0.385384	2.3613	0.383775	0.783812	-5.0566e-16	-7.53152e-17	0.410403	0.410403	0.000264378	7.34969	0.783812	
13.600000	 8.29063e-45	1.03633e-45	0.783812	0.385384	2.3613	0.383775	0.783812	-2.61302e-16	-4.33674e-17	0.410403	0.410403	0.000264378	7.34969	0.783812	
13.700000	 8.29063e-45	1.03633e-45	0.783812	0.385384	2.3613	0.383775	0.783812	5.63947e-16	1.08662e-16	0.410403	0.410403	0.000264378	7.34969	0.783812	
13.800000	 8.29063e-45	1.03633e-45	0.783812	0.385384	2.3613	0.383775	0.783812	7.90331e-16	1.28258e-16	0.410403	0.410403	0.000264378	7.34969	0.783812	
13.900000	 8.29063e-45	1.03633e-45	0.783812	0.385384	2.3613	0.383775	0.783812	2.02544e-16	4.58872e-17	0.410403	0.410403	0.000264378	7.34969	0.783812	
14.000000	 8.29063e-45	1.03633e-45	0.783812	0.385384	2.3613	0.383775	0.783812	-3.44634e-16	-5.08148e-17	0.410403	0.410403	0.000264378	7.34969	0.783812	
14.100000	 8.29063e-45	1.03633e-45	0.783812	0.385384	2.3613	0.383775	0.783812	-5.3945e-16	-7.28738e-17	0.410403	0.410403	0.000264378	7.34969	0.783812	
14.200000	 8.29063e-45	1.03633e-45	0.783812	0.385384	2.3613	0.383775	0.783812	-5.6886e-17	-1.50945e-17	0.410403	0.410403	0.000264378	7.34969	0.783812	
14.300000	 8.29063e-45	1.03633e-45	0.783812	0.385384	2.3613	0.383775	0.783812	-1.0792e-16	-2.1693e-17	0.410403	0.410403	0.000264378	7.34969	0.783812	
14.400000	 8.29063e-45	1.03633e-45	0.783812	0.385384	2.3613	0.383775	0.783812	-3.7324e-16	-5.67681e-17	0.410403	0.410403	0.000264378	7.34969	0.783812	
14.500000	 8.29063e-45	1.03633e-45	0.783812	0.385384	2.3613	0.383775	0.783812	-6.80108e-16	-1.03593e-16	0.410403	0.410403	0.000264378	7.34969	0.783812	
14.600000	 8.29063e-45	1.03633e-45	0.783812	0.385384	2.3613	0.383775	0.783812	-5.38168e-16	-8.90058e-17	0.410403	0.410403	0.000264378	7.34969	0.783812	
14.700000	 8.29063e-45	1.03633e-45	0.783812	0.385384	2.3613	0.383775	0.783812	2.52253e-16	4.99336e-17	0.410403	0.410403	0.000264378	7.34969	0.783812	
14.800000	 8.29063e-45	1.03633e-45	0.783812	0.385384	2.3613	0.383775	0.783812	4.99984e-16	9.35512e-17	0.410403	0.410403	0.000264378	7.34969	0.783812	
14.900000	 8.29063e-45	1.03633e-45	0.783812	0.385384	2.3613	0.383775	0.783812	3.57724e-16	6.07009e-17	0.410403	0.410403	0.000264378	7.34969	0.783812	
15.000000	 8.29063e-45	1.03633e-45	0.783812	0.385384	2.3613	0.383775	0.783812	1.21889e-16	2.58468e-17	0.410403	0.410403	0.000264378	7.34969	0.783812	
15.100000	 8.29063e-45	1.03633e-45	0.783812	0.385384	2.3613	0.383775	0.783812	-2.35366e-17	1.39051e-18	0.410403	0.410403	0.000264378	7.34969	0.783812	
15.200000	 8.29063e-45	1.03633e-45	0.783812	0.385384	2.3613	0.383775	0.783812	1.53444e-17	1.39188e-17	0.410403	0.410403	0.000264378	7.34969	0.783812	
15.300000	 8.29063e-45	1.03633e-45	0.783812	0.385384	2.3613	0.383775	0.783812	-2.86174e-16	-3.27371e-17	0.410403	0.410403	0.000264378	7.34969	0.783812	
15.400000	 8.29063e-45	1.03633e-45	0.783812	0.385384	2.3613	0.383775	0.783812	-3.8362e-16	-6.19335e-17	0.410403	0.410403	0.000264378	7.34969	0.783812	
15.500000	 8.29063e-45	1.03633e-45	0.783812	0.385384	2.3613	0.383775	0.783812	-5.93863e-16	-8.64735e-17	0.410403	0.410403	0.000264378	7.34969	0.783812	
15.600000	 8.29063e-45	1.03633e-45	0.783812	0.385384	2.3613	0.383775	0.783812	-3.99866e-16	-6.12486e-17	0.410403	0.410403	0.000264378	7.34969	0.783812	
15.700000	 8.29063e-45	1.03633e-45	0.783812	0.385384	2.3613	0.383775	0.783812	-2.44231e-16	-2.34211e-17	0.410403	0.410403	0.000264378	7.34969	0.783812	
15.800000	 8.29063e-45	1.03633e-45	0.783812	0.385384	2.3613	0.383775	0.783812	8.88054e-17	2.31268e-17	0.410403	0.410403	0.000264378	7.34969	0.783812	
15.900000	 8.29063e-45	1.03633e-45	0.783812	0.385384	2.3613	0.383775	0.783812	1.62854e-16	3.80705e-17	0.410403	0.410403	0.000264378	7.34969	0.783812	
16.000000	 8.29063e-45	1.03633e-45	0.783812	0.385384	2.3613	0.383775	0.783812	3.29458e-16	5.6624e-17	0.410403	0.410403	0.000264378	7.34969	0.783812	
16.100000	 8.29063e-45	1.03633e-45	0.783812	0.385384	2.3613	0.383775	0.783812	2.64959e-16	3.32423e-17	0.410403	0.410403	0.000264378	7.34969	0.783812	
16.200000	 8.29063e-45	1.03633e-45	0.783812	0.385384	2.3613	0.383775	0.783812	1.03716e-16	2.22765e-17	0.410403	0.410403	0.000264378	7.34969	0.783812	
16.300000	 8.29063e-45	1.03633e-45	0.783812	0.385384	2.3613	0.383775	0.783812	-1.42193e-17	8.83808e-18	0.410403	0.410403	0.000264378	7.34969	0.783812	
16.400000	 8.29063e-45	1.03633e-45	0.783812	0.385384	2.3613	0.383775	0.783812	-1.64204e-16	-1.65377e-17	0.410403	0.410403	0.000264378	7.34969	0.783812	
16.500000	 8.29063e-45	1.03633e-45	0.783812	0.385384	2.3613	0.383775	0.783812	-2.01385e-16	-2.99167e-17	0.410403	0.410403	0.000264378	7.34969	0.783812	
16.600000	 8.29063e-45	1.03633e-45	0.783812	0.385384	2.3613	0.383775	0.783812	-4.31886e-16	-7.63591e-17	0.410403	0.410403	0.000264378	7.34969	0.783812	
16.700000	 8.29063e-45	1.03633e-45	0.783812	0.385384	2.3613	0.383775	0.783812	-3.74025e-16	-4.38983e-17	0.410403	0.410403	0.000264378	7.34969	0.783812	
16.800000	 8.29063e-45	1.03633e-45	0.783812	0.385384	2.3613	0.383775	0.783812	4.11109e-17	1.06068e-17	0.410403	0.410403	0.000264378	7.34969	0.783812	
16.900000	 8.29063e-45	1.03633e-45	0.783812	0.385384	2.3613	0.383775	0.783812	7.01553e-17	1.11867e-17	0.410403	0.410403	0.000264378	7.34969	0.783812	
17.000000	 8.29063e-45	1.03633e-45	0.783812	0.385384	2.3613	0.383775	0.783812	1.51969e-16	1.72791e-17	0.410403	0.410403	0.000264378	7.34969	0.783812	
17.100000	 8.29063e-45	1.03633e-45	0.783812	0.385384	2.3613	0.383775	0.783812	-1.32194e-16	-2.93952e-17	0.410403	0.410403	0.000264378	7.34969	0.783812	
17.200000	 8.29063e-45	1.03633e-45	0.783812	0.385384	2.3613	0.383775	0.783812	-4.44801e-16	-7.10582e-17	0.410403	0.410403	0.000264378	7.34969	0.783812	
17.300000	 8.29063e-45	1.03633e-45	0.783812	0.385384	2.3613	0.383775	0.783812	-3.69887e-17	-1.68517e-17	0.410403	0.410403	0.000264378	7.34969	0.783812	
17.400000	 8.29063e-45	1.03633e-45	0.783812	0.385384	2.3613	0.383775	0.783812	-1.21363e-16	-1.30074e-17	0.410403	0.410403	0.000264378	7.34969	0.783812	
17.500000	 8.29063e-45	1.03633e-45	0.783812	0.385384	2.3613	0.383775	0.783812	-4.32967e-16	-6.6898e-17	0.410403	0.410403	0.000264378	7.34969	0.783812	
17.600000	 8.29063e-45	1.03633e-45	0.783812	0.385384	2.3613	0.383775	0.783812	-3.35539e-16	-5.4323e-17	0.410403	0.410403	0.000264378	7.34969	0.783812	
17.700000	 8.29063e-45	1.03633e-45	0.783812	0.385384	2.3613	0.383775	0.783812	1.00377e-16	2.74912e-17	0.410403	0.410403	0.000264378	7.34969	0.783812	
17.800000	 8.29063e-45	1.03633e-45	0.783812	0.385384	2.3613	0.383775	0.783812	3.85674e-16	6.88479e-17	0.410403	0.410403	0.000264378	7.34969	0.783812	
17.900000	 8.29063e-45	1.03633e-45	0.783812	0.385384	2.3613	0.383775	0.783812	6.03491e-16	1.08791e-16	0.410403	0.410403	0.000264378	7.34969	0.783812	
18.000000	 8.29063e-45	1.03633e-45	0.783812	0.385384	2.3613	0.383775	0.783812	1.02255e-15	1.68085e-16	0.410403	0.410403	0.000264378	7.34969	0.783812	
18.100000	 8.29063e-45	1.03633e-45	0.783812	0.385384	2.3613	0.383775	0.783812	6.76845e-16	1.13408e-16	0.410403	0.410403	0.000264378	7.34969	0.783812	
18.200000	 8.29063e-45	1.03633e-45	0.783812	0.385384	2.3613	0.383775	0.783812	2.05857e-16	4.01678e-17	0.410403	0.410403	0.000264378	7.34969	0.783812	
18.300000	 8.29063e-45	1.03633e-45	0.783812	0.385384	2.3613	0.383775	0.783812	1.67164e-16	2.72753e-17	0.410403	0.410403	0.000264378	7.34969	0.783812	
18.400000	 8.29063e-45	1.03633e-45	0.783812	0.385384	2.3613	0.383775	0.783812	-2.05855e-17	-8.41548e-18	0.410403	0.410403	0.000264378	7.34969	0.783812	
18.500000	 8.29063e-45	1.03633e-45	0.783812	0.385384	2.3613	0.383775	0.783812	-3.32635e-16	-4.83219e-17	0.410403	0.410403	0.000264378	7.34969	0.783812	
18.600000	 8.29063e-45	1.03633e-45	0.783812	0.385384	2.3613	0.383775	0.783812	-1.3981e-18	-7.55382e-19	0.410403	0.410403	0.000264378	7.34969	0.783812	
18.700000	 8.29063e-45	1.03633e-45	0.783812	0.385384	2.3613	0.383775	0.783812	-3.11055e-16	-4.0213e-17	0.410403	0.410403	0.000264378	7.34969	0.783812	
18.800000	 8.29063e-45	1.03633e-45	0.783812	0.385384	2.3613	0.383775	0.783812	-5.21163e-16	-8.71308e-17	0.410403	0.410403	0.000264378	7.34969	0.783812	
18.900000	 8.29063e-45	1.03633e-45	0.783812	0.385384	2.3613	0.383775	0.783812	-4.77138e-16	-7.84458e-17	0.410403	0.410403	0.000264378	7.34969	0.783812	
19.000000	 8.29063e-45	1.03633e-45	0.783812	0.385384	2.3613	0.383775	0.783812	-2.43997e-16	-4.34252e-17	0.410403	0.410403	0.000264378	7.34969	0.783812	
19.100000	 8.29063e-45	1.03633e-45	0.783812	0.385384	2.3613	0.383775	0.783812	-3.63394e-16	-4.91805e-17	0.410403	0.410403	0.000264378	7.34969	0.783812	
19.200000	 8.29063e-45	1.03633e-45	0.783812	0.385384	2.3613	0.383775	0.783812	-3.9675e-16	-5.99782e-17	0.410403	0.410403	0.000264378	7.34969	0.783812	
19.300000	 8.29063e-45	1.03633e-45	0.783812	0.385384	2.3613	0.383775	0.783812	1.85399e-16	2.87295e-17	0.410403	0.410403	0.000264378	7.34969	0.783812	
19.400000	 8.29063e-45	1.03633e-45	0.783812	0.385384	2.3613	0.383775	0.783812	3.70329e-16	6.90124e-17	0.410403	0.410403	0.000264378	7.34969	0.783812	
19.500000	 8.29063e-45	1.03633e-45	0.783812	0.385384	2.3613	0.383775	0.783812	3.72297e-16	5.02743e-17	0.410403	0.410403	0.000264378	7.34969	0.783812	
19.600000	 8.29063e-45	1.03633e-45	0.783812	0.385384	2.3613	0.383775	0.783812	4.28237e-16	6.06945e-17	0.410403	0.410403	0.000264378	7.34969	0.783812	
19.700000	 8.29063e-45	1.03633e-45	0.783812	0.385384	2.3613	0.383775	0.783812	3.82515e-16	6.41618e-17	0.410403	0.410403	0.000264378	7.34969	0.783812	
19.800000	 8.29063e-45	1.03633e-45	0.783812	0.385384	2.3613	0.383775	0.783812	4.37999e-16	8.29554e-17	0.410403	0.410403	0.000264378	7.34969	0.783812	
19.900000	 8.29063e-45	1.03633e-45	0.783812	0.385384	2.3613	0.383775	0.783812	3.75564e-16	5.84165e-17	0.410403	0.410403	0.000264378	7.34969	0.783812	
20.000000	 8.29063e-45	1.03633e-45	0.783812	0.385384	2.3613	0.383775	0.783812	4.16333e-17	3.46949e-18	0.410403	0.410403	0.000264378	7.34969	0.783812	

