DENSITY
CMSFIELD
 0.000000	    0.00000000000000001	   0.00000000000000001	   0.78114177322226142	   4.10394099286153846	   0.39184124074291682	  -0.73383063520849179	
 0.100000	    0.00000000000000001	   0.00000000000000001	   0.78114177304883436	   4.10394099294050285	   0.39184124101427587	  -0.73383063498647438	
 0.200000	    0.00000000000000001	   0.00000000000000001	   0.78114177258355555	   4.10394099315654515	   0.39184124171680995	  -0.73383063439082985	
 0.300000	    0.00000000000000001	   0.00000000000000001	   0.78114177197548218	   4.10394099345115659	   0.39184124256061648	  -0.73383063361239376	
 0.400000	    0.00000000000000001	   0.00000000000000001	   0.78114177142371533	   4.10394099374029953	   0.39184124319421870	  -0.73383063290602635	
 0.500000	    0.00000000000000001	   0.00000000000000001	   0.78114177111645444	   4.10394099393428746	   0.39184124334734016	  -0.73383063251267433	
 0.600000	    0.00000000000000001	   0.00000000000000001	   0.78114177116997485	   4.10394099396283707	   0.39184124294303407	  -0.73383063258118875	
 0.700000	    0.00000000000000001	   0.00000000000000001	   0.78114177158570175	   4.10394099379975685	   0.39184124213385446	  -0.73383063311340213	
 0.800000	    0.00000000000000001	   0.00000000000000001	   0.78114177224085779	   4.10394099347886776	   0.39184124124566871	  -0.73383063395211856	
 0.900000	    0.00000000000000001	   0.00000000000000001	   0.78114177291974551	   4.10394099309284233	   0.39184124064949655	  -0.73383063482121935	
 1.000000	    0.00000000000000001	   0.00000000000000001	   0.78114177338028057	   4.10394099277070001	   0.39184124061023806	  -0.73383063541075488	
 1.100000	    0.00000000000000001	   0.00000000000000001	   0.78114177343721991	   4.10394099263713041	   0.39184124117316765	  -0.73383063548366578	
 1.200000	    0.00000000000000001	   0.00000000000000001	   0.78114177303510191	   4.10394099276533453	   0.39184124213462296	  -0.73383063496891798	
 1.300000	    0.00000000000000001	   0.00000000000000001	   0.78114177228248172	   4.10394099314080663	   0.39184124311357249	  -0.73383063400539916	
 1.400000	    0.00000000000000001	   0.00000000000000001	   0.78114177142945240	   4.10394099365286902	   0.39184124369906531	  -0.73383063291335882	
 1.500000	    0.00000000000000001	   0.00000000000000001	   0.78114177078960567	   4.10394099412274915	   0.39184124361848183	  -0.73383063209425192	
 1.600000	    0.00000000000000001	   0.00000000000000001	   0.78114177062801926	   4.10394099436346593	   0.39184124285871114	  -0.73383063188742992	
 1.700000	    0.00000000000000001	   0.00000000000000001	   0.78114177105406801	   4.10394099425254666	   0.39184124168899820	  -0.73383063243284608	
 1.800000	    0.00000000000000001	   0.00000000000000001	   0.78114177196147760	   4.10394099378999488	   0.39184124056867453	  -0.73383063359445455	
 1.900000	    0.00000000000000001	   0.00000000000000001	   0.78114177304518961	   4.10394099311534166	   0.39184123997112047	  -0.73383063498175771	
 2.000000	    0.00000000000000001	   0.00000000000000001	   0.78114177389836192	   4.10394099247057298	   0.39184124018883520	  -0.73383063607399868	
 2.100000	    0.00000000000000001	   0.00000000000000001	   0.78114177416126340	   4.10394099211625107	   0.39184124119851949	  -0.73383063641061463	
 2.200000	    0.00000000000000001	   0.00000000000000001	   0.78114177366902027	   4.10394099222860653	   0.39184124264577319	  -0.73383063578042129	
 2.300000	    0.00000000000000001	   0.00000000000000001	   0.78114177253886719	   4.10394099281737379	   0.39184124396448394	  -0.73383063433361162	
 2.400000	    0.00000000000000001	   0.00000000000000001	   0.78114177115511974	   4.10394099370097276	   0.39184124459335884	  -0.73383063256218439	
 2.500000	    0.00000000000000001	   0.00000000000000001	   0.78114177004491248	   4.10394099455675931	   0.39184124420832345	  -0.73383063114094238	
 2.600000	    0.00000000000000001	   0.00000000000000001	   0.78114176968222482	   4.10394099503533560	   0.39184124287713262	  -0.73383063067663656	
 2.700000	    0.00000000000000001	   0.00000000000000001	   0.78114177029108423	   4.10394099489986885	   0.39184124106601209	  -0.73383063145605287	
 2.800000	    0.00000000000000001	   0.00000000000000001	   0.78114177172757671	   4.10394099413615976	   0.39184123948291794	  -0.73383063329499021	
 2.900000	    0.00000000000000001	   0.00000000000000001	   0.78114177349785674	   4.10394099298448456	   0.39184123880697158	  -0.73383063556127914	
 3.000000	    0.00000000000000001	   0.00000000000000001	   0.78114177492017300	   4.10394099187071859	   0.39184123940542309	  -0.73383063738213883	
 3.100000	    0.00000000000000001	   0.00000000000000001	   0.78114177538134966	   4.10394099125319478	   0.39184124115272367	  -0.73383063797248971	
 3.200000	    0.00000000000000001	   0.00000000000000001	   0.78114177459332756	   4.10394099143860025	   0.39184124343588461	  -0.73383063696368889	
 3.300000	    0.00000000000000001	   0.00000000000000001	   0.78114177274583296	   4.10394099243910127	   0.39184124536113463	  -0.73383063459860609	
 3.400000	    0.00000000000000001	   0.00000000000000001	   0.78114177048042321	   4.10394099393441802	   0.39184124609577592	  -0.73383063169844853	
 3.500000	    0.00000000000000001	   0.00000000000000001	   0.78114176867694418	   4.10394099536628865	   0.39184124521792729	  -0.73383062938965704	
 3.600000	    0.00000000000000001	   0.00000000000000001	   0.78114176811980629	   4.10394099614144281	   0.39184124293062877	  -0.73383062867644078	
 3.700000	    0.00000000000000001	   0.00000000000000001	   0.78114176916708122	   4.10394099587142058	   0.39184124003940085	  -0.73383063001714199	
 3.800000	    0.00000000000000001	   0.00000000000000001	   0.78114177155841302	   4.10394099455460992	   0.39184123767940698	  -0.73383063307844432	
 3.900000	    0.00000000000000001	   0.00000000000000001	   0.78114177445586785	   4.10394099261901424	   0.39184123687973688	  -0.73383063678771798	
 4.000000	    0.00000000000000001	   0.00000000000000001	   0.78114177672605378	   4.10394099079288122	   0.39184123812849742	  -0.73383063969395301	
 4.100000	    0.00000000000000001	   0.00000000000000001	   0.78114177737330259	   4.10394098983763378	   0.39184124111711943	  -0.73383064052254399	
 4.200000	    0.00000000000000001	   0.00000000000000001	   0.78114177596264345	   4.10394099023828751	   0.39184124478769422	  -0.73383063871668497	
 4.300000	    0.00000000000000001	   0.00000000000000001	   0.78114177285763942	   4.10394099197424556	   0.39184124769369966	  -0.73383063474172994	
 4.400000	    0.00000000000000001	   0.00000000000000001	   0.78114176915531575	   4.10394099447363914	   0.39184124855715835	  -0.73383063000209381	
 4.500000	    0.00000000000000001	   0.00000000000000001	   0.78114176631302434	   4.10394099678983526	   0.39184124681281712	  -0.73383062636346463	
 4.600000	    0.00000000000000001	   0.00000000000000001	   0.78114176558772519	   4.10394099795109746	   0.39184124291358063	  -0.73383062543496802	
 4.700000	    0.00000000000000001	   0.00000000000000001	   0.78114176749842490	   4.10394099735793727	   0.39184123824769146	  -0.73383062788097719	
 4.800000	    0.00000000000000001	   0.00000000000000001	   0.78114177153515407	   4.10394099506937948	   0.39184123466174781	  -0.73383063304867657	
 4.900000	    0.00000000000000001	   0.00000000000000001	   0.78114177626066883	   4.10394099184841998	   0.39184123374640706	  -0.73383063909813706	
 5.000000	    0.00000000000000001	   0.00000000000000001	   0.78114177980409172	   4.10394098892233572	   0.39184123615439731	  -0.73383064363437489	
 5.100000	    0.00000000000000001	   0.00000000000000001	   0.78114178058504569	   4.10394098752629688	   0.39184124123507474	  -0.73383064463415615	
 5.200000	    0.00000000000000001	   0.00000000000000001	   0.78114177799412565	   4.10394098839560861	   0.39184124716863528	  -0.73383064131731213	
 5.300000	    0.00000000000000001	   0.00000000000000001	   0.78114177274536445	   4.10394099141017055	   0.39184125159602246	  -0.73383063459795517	
 5.400000	    0.00000000000000001	   0.00000000000000001	   0.78114176672102753	   4.10394099555393943	   0.39184125253561508	  -0.73383062688577017	
 5.500000	    0.00000000000000001	   0.00000000000000001	   0.78114176231922172	   4.10394099923920574	   0.39184124923910618	  -0.73383062125071796	
 5.600000	    0.00000000000000001	   0.00000000000000001	   0.78114176152077142	   4.10394100090051328	   0.39184124262714976	  -0.73383062022855072	
 5.700000	    0.00000000000000001	   0.00000000000000001	   0.78114176503006172	   4.10394099964184367	   0.39184123508258784	  -0.73383062472103155	
 5.800000	    0.00000000000000001	   0.00000000000000001	   0.78114177185167921	   4.10394099567593873	   0.39184122961932394	  -0.73383063345387478	
 5.900000	    0.00000000000000001	   0.00000000000000001	   0.78114177952256214	   4.10394099035289983	   0.39184122870561283	  -0.73383064327399583	
 6.000000	    0.00000000000000001	   0.00000000000000001	   0.78114178497301501	   4.10394098572317478	   0.39184123319018616	  -0.73383065025153926	
 6.100000	    0.00000000000000001	   0.00000000000000001	   0.78114178572725979	   4.10394098376615979	   0.39184124178463742	  -0.73383065121707980	
 6.200000	    0.00000000000000001	   0.00000000000000001	   0.78114178098509257	   4.10394098556726572	   0.39184125137277204	  -0.73383064514624297	
 6.300000	    0.00000000000000001	   0.00000000000000002	   0.78114177212643643	   4.10394099077722885	   0.39184125810542458	  -0.73383063380561220	
 6.400000	    0.00000000000000001	   0.00000000000000002	   0.78114176237059763	   4.10394099760593356	   0.39184125891067900	  -0.73383062131644150	
 6.500000	    0.00000000000000001	   0.00000000000000002	   0.78114175564219834	   4.10394100340932599	   0.39184125284059207	  -0.73383061270290106	
 6.600000	    0.00000000000000001	   0.00000000000000002	   0.78114175502813976	   4.10394100568956777	   0.39184124168242745	  -0.73383061191679511	
 6.700000	    0.00000000000000001	   0.00000000000000002	   0.78114176141862812	   4.10394100313947519	   0.39184122950628419	  -0.73383062009776534	
 6.800000	    0.00000000000000001	   0.00000000000000001	   0.78114177291133791	   4.10394099630551867	   0.39184122122484444	  -0.73383063481051758	
 6.900000	    0.00000000000000001	   0.00000000000000001	   0.78114178530382228	   4.10394098755622494	   0.39184122065655852	  -0.73383065067503694	
 7.000000	    0.00000000000000001	   0.00000000000000001	   0.78114179358461100	   4.10394098029649523	   0.39184122883800593	  -0.73383066127592078	
 7.100000	    0.00000000000000001	   0.00000000000000001	   0.78114179391385419	   4.10394097767281796	   0.39184124330771974	  -0.73383066169740041	
 7.200000	    0.00000000000000001	   0.00000000000000002	   0.78114178532720180	   4.10394098124981266	   0.39184125875645576	  -0.73383065070493414	
 7.300000	    0.00000000000000001	   0.00000000000000002	   0.78114177043303101	   4.10394099020041470	   0.39184126891914772	  -0.73383063163777296	
 7.400000	    0.00000000000000001	   0.00000000000000002	   0.78114175471038583	   4.10394100139712137	   0.39184126905723560	  -0.73383061151002005	
 7.500000	    0.00000000000000001	   0.00000000000000001	   0.78114174455076801	   4.10394101046070592	   0.39184125807022580	  -0.73383059850392141	
 7.600000	    0.00000000000000001	   0.00000000000000001	   0.78114174471979447	   4.10394101343416029	   0.39184123932795162	  -0.73383059872031142	
 7.700000	    0.00000000000000001	   0.00000000000000001	   0.78114175622420789	   4.10394100845728449	   0.39184121974700076	  -0.73383061344797607	
 7.800000	    0.00000000000000001	   0.00000000000000001	   0.78114177550508568	   4.10394099675187007	   0.39184120730967159	  -0.73383063813092242	
 7.900000	    0.00000000000000001	   0.00000000000000001	   0.78114179542850359	   4.10394098243968308	   0.39184120788546428	  -0.73383066363640992	
 8.000000	    0.00000000000000001	   0.00000000000000001	   0.78114180785219400	   4.10394097114638612	   0.39184122259224435	  -0.73383067954094505	
 8.100000	    0.00000000000000001	   0.00000000000000001	   0.78114180687557666	   4.10394096784020235	   0.39184124684087152	  -0.73383067829069815	
 8.200000	    0.00000000000000001	   0.00000000000000001	   0.78114179150463059	   4.10394097471607555	   0.39184127163207655	  -0.73383065861316499	
 8.300000	    0.00000000000000001	   0.00000000000000001	   0.78114176657299506	   4.10394099000206403	   0.39184128680579711	  -0.73383062669625021	
 8.400000	    0.00000000000000001	   0.00000000000000001	   0.78114174135758330	   4.10394100827594688	   0.39184128510713251	  -0.73383059441605059	
 8.500000	    0.00000000000000001	   0.00000000000000001	   0.78114172621902078	   4.10394102231904334	   0.39184126547863285	  -0.73383057503600480	
 8.600000	    0.00000000000000001	   0.00000000000000001	   0.78114172844534535	   4.10394102590365506	   0.39184123414152711	  -0.73383057788609529	
 8.700000	    0.00000000000000001	   0.00000000000000001	   0.78114174892866883	   4.10394101646261245	   0.39184120279018331	  -0.73383060410838274	
 8.800000	    0.00000000000000001	   0.00000000000000001	   0.78114178113097887	   4.10394099652875521	   0.39184118434291548	  -0.73383064533305109	
 8.900000	    0.00000000000000001	   0.00000000000000001	   0.78114181300379149	   4.10394097322288420	   0.39184118774639393	  -0.73383068613590230	
 9.000000	    0.00000000000000001	   0.00000000000000001	   0.78114183137922999	   4.10394095579708118	   0.39184121387381643	  -0.73383070965972064	
 9.100000	    0.00000000000000001	   0.00000000000000001	   0.78114182727868808	   4.10394095204511267	   0.39184125432592715	  -0.73383070441030085	
 9.200000	    0.00000000000000001	   0.00000000000000001	   0.78114180004985068	   4.10394096493808735	   0.39184129392495393	  -0.73383066955256215	
 9.300000	    0.00000000000000001	   0.00000000000000001	   0.78114175850301204	   4.10394099089770936	   0.39184131626348950	  -0.73383061636524149	
 9.400000	    0.00000000000000001	   0.00000000000000001	   0.78114171826662160	   4.10394102058823496	   0.39184131033766467	  -0.73383056485552689	
 9.500000	    0.00000000000000001	   0.00000000000000001	   0.78114169605768058	   4.10394104216359423	   0.39184127564474014	  -0.73383053642415097	
 9.600000	    0.00000000000000001	   0.00000000000000001	   0.78114170290648410	   4.10394104588729824	   0.39184122348422007	  -0.73383054519183488	
 9.700000	    0.00000000000000001	   0.00000000000000001	   0.78114173901863093	   4.10394102836457808	   0.39184117353112291	  -0.73383059142179363	
 9.800000	    0.00000000000000001	   0.00000000000000001	   0.78114179256234206	   4.10394099460218342	   0.39184114660063779	  -0.73383065996721908	
 9.900000	    0.00000000000000001	   0.00000000000000001	   0.78114184328967384	   4.10394095682071747	   0.39184115618933579	  -0.73383072490722079	
10.000000	    0.00000000000000001	   0.00000000000000001	   0.78114187000345381	   4.10394093017047012	   0.39184120215076051	  -0.73383075910561502	
10.100000	    0.00000000000000001	   0.00000000000000001	   0.78114185919321799	   4.10394092679350120	   0.39184126933438418	  -0.73383074526659631	
10.200000	    0.00000000000000001	   0.00000000000000001	   0.78114181140363359	   4.10394095050661001	   0.39184133226570589	  -0.73383068408743723	
10.300000	    0.00000000000000001	   0.00000000000000001	   0.78114174247468537	   4.10394099436090443	   0.39184136456832364	  -0.73383059584614108	
10.400000	    0.00000000000000001	   0.00000000000000001	   0.78114167860805883	   4.10394104238351343	   0.39184134973937923	  -0.73383051408552991	
10.500000	    0.00000000000000001	   0.00000000000000001	   0.78114164664963448	   4.10394107521941010	   0.39184128897884007	  -0.73383047317306649	
10.600000	    0.00000000000000001	   0.00000000000000001	   0.78114166309376731	   4.10394107775490369	   0.39184120253965615	  -0.73383049422446900	
10.700000	    0.00000000000000001	   0.00000000000000001	   0.78114172620764932	   4.10394104578777252	   0.39184112336686366	  -0.73383057502143922	
10.800000	    0.00000000000000001	   0.00000000000000001	   0.78114181484603140	   4.10394098889594350	   0.39184108484381858	  -0.73383068849429267	
10.900000	    0.00000000000000001	   0.00000000000000001	   0.78114189514207322	   4.10394092792649712	   0.39184110708093861	  -0.73383079128746975	
11.000000	    0.00000000000000001	   0.00000000000000001	   0.78114193313771141	   4.10394088757919384	   0.39184118724556055	  -0.73383083992862397	
11.100000	    0.00000000000000001	   0.00000000000000001	   0.78114190876783007	   4.10394088662943179	   0.39184129833863135	  -0.73383080873085593	
11.200000	    0.00000000000000001	   0.00000000000000001	   0.78114182557641798	   4.10394092957388423	   0.39184139780262595	  -0.73383070223110314	
11.300000	    0.00000000000000001	   0.00000000000000001	   0.78114171171627067	   4.10394100328957911	   0.39184144343793059	  -0.73383055646991990	
11.400000	    0.00000000000000001	   0.00000000000000001	   0.78114161091185264	   4.10394108060568463	   0.39184141082995638	  -0.73383042742235460	
11.500000	    0.00000000000000001	   0.00000000000000001	   0.78114156606359486	   4.10394113003647476	   0.39184130526332672	  -0.73383037000859930	
11.600000	    0.00000000000000001	   0.00000000000000001	   0.78114160148343170	   4.10394112830651014	   0.39184116263864710	  -0.73383041535227633	
11.700000	    0.00000000000000001	   0.00000000000000001	   0.78114171093924634	   4.10394107079771420	   0.39184103786846158	  -0.73383055547517195	
11.800000	    0.00000000000000001	   0.00000000000000001	   0.78114185704038397	   4.10394097539648772	   0.39184098422945357	  -0.73383074251054592	
11.900000	    0.00000000000000001	   0.00000000000000001	   0.78114198339899887	   4.10394087746800285	   0.39184103123729741	  -0.73383090427195141	
12.000000	    0.00000000000000001	   0.00000000000000001	   0.78114203588722630	   4.10394081710395131	   0.39184117000792446	  -0.73383097146617060	
12.100000	    0.00000000000000001	   0.00000000000000001	   0.78114198517811939	   4.10394082309377772	   0.39184135291709465	  -0.73383090654954053	
12.200000	    0.00000000000000001	   0.00000000000000001	   0.78114184141513077	   4.10394089988322808	   0.39184150918945515	  -0.73383072250745285	
12.300000	    0.00000000000000001	   0.00000000000000001	   0.78114165414493031	   4.10394102320570564	   0.39184157165158839	  -0.73383048276837726	
12.400000	    0.00000000000000001	   0.00000000000000001	   0.78114149600562233	   4.10394114709037705	   0.39184150478873142	  -0.73383028032196651	
12.500000	    0.00000000000000001	   0.00000000000000001	   0.78114143519968138	   4.10394122054459842	   0.39184132267873523	  -0.73383020247954789	
12.600000	    0.00000000000000001	   0.00000000000000001	   0.78114150692648532	   4.10394120804399876	   0.39184108835825976	  -0.73383029430261282	
12.700000	    0.00000000000000001	   0.00000000000000001	   0.78114169543824841	   4.10394110578342630	   0.39184089294757352	  -0.73383053563115397	
12.800000	    0.00000000000000001	   0.00000000000000001	   0.78114193522074460	   4.10394094655014641	   0.39184082102737672	  -0.73383084259525611	
12.900000	    0.00000000000000001	   0.00000000000000001	   0.78114213280511779	   4.10394079002560019	   0.39184091510260466	  -0.73383109553821047	
13.000000	    0.00000000000000001	   0.00000000000000001	   0.78114220237232701	   4.10394070099379515	   0.39184115370255723	  -0.73383118459653096	
13.100000	    0.00000000000000001	   0.00000000000000001	   0.78114210191529787	   4.10394072317631942	   0.39184145356250244	  -0.73383105599378273	
13.200000	    0.00000000000000001	   0.00000000000000001	   0.78114185511472956	   4.10394085902049977	   0.39184169749726722	  -0.73383074004536986	
13.300000	    0.00000000000000001	   0.00000000000000001	   0.78114154842509764	   4.10394106439019257	   0.39184177915708140	  -0.73383034742821929	
13.400000	    0.00000000000000001	   0.00000000000000001	   0.78114130198880138	   4.10394126189974706	   0.39184164798205279	  -0.73383003194591123	
13.500000	    0.00000000000000001	   0.00000000000000001	   0.78114122363722749	   4.10394136933904363	   0.39184133585051173	  -0.73382993164193600	
13.600000	    0.00000000000000001	   0.00000000000000001	   0.78114136317233851	   4.10394133304845354	   0.39184095253243861	  -0.73383011027172740	
13.700000	    0.00000000000000001	   0.00000000000000001	   0.78114168579731247	   4.10394115300624840	   0.39184064857084988	  -0.73383052328904086	
13.800000	    0.00000000000000001	   0.00000000000000001	   0.78114207764055499	   4.10394088842663951	   0.39184055749337399	  -0.73383102491781160	
13.900000	    0.00000000000000001	   0.00000000000000001	   0.78114238444094697	   4.10394063953076405	   0.39184073901421290	  -0.73383141767649596	
14.000000	    0.00000000000000001	   0.00000000000000001	   0.78114247090835875	   4.10394051051971864	   0.39184114673535408	  -0.73383152837003074	
14.100000	    0.00000000000000001	   0.00000000000000002	   0.78114227845207107	   4.10394056704924459	   0.39184163621000906	  -0.73383128199204051	
14.200000	    0.00000000000000001	   0.00000000000000001	   0.78114185731743302	   4.10394080515741067	   0.39184201425067283	  -0.73383074286522498	
14.300000	    0.00000000000000001	   0.00000000000000001	   0.78114135722071509	   4.10394114564323687	   0.39184211346036119	  -0.73383010265259130	
14.400000	    0.00000000000000001	   0.00000000000000001	   0.78114097601739452	   4.10394145886464834	   0.39184186390200237	  -0.73382961464435659	
14.500000	    0.00000000000000001	   0.00000000000000001	   0.78114088318469554	   4.10394161290627491	   0.39184133207390570	  -0.73382949580190981	
14.600000	    0.00000000000000001	   0.00000000000000001	   0.78114114702574822	   4.10394152770312015	   0.39184070772344726	  -0.73382983356557507	
14.700000	    0.00000000000000001	   0.00000000000000001	   0.78114169598062821	   4.10394121343703855	   0.39184023849694205	  -0.73383053632549045	
14.800000	    0.00000000000000001	   0.00000000000000001	   0.78114233354109286	   4.10394077574479699	   0.39184013392060374	  -0.73383135251570086	
14.900000	    0.00000000000000001	   0.00000000000000001	   0.78114280620900334	   4.10394038213295786	   0.39184047508516529	  -0.73383195761383790	
15.000000	    0.00000000000000001	   0.00000000000000001	   0.78114290202166403	   4.10394019939725219	   0.39184116784672068	  -0.73383208027086677	
15.100000	    0.00000000000000001	   0.00000000000000001	   0.78114254222777380	   4.10394032481387949	   0.39184196336331745	  -0.73383161967144284	
15.200000	    0.00000000000000001	   0.00000000000000001	   0.78114182762060924	   4.10394073880935739	   0.39184254452003764	  -0.73383070484802282	
15.300000	    0.00000000000000001	   0.00000000000000001	   0.78114101570988570	   4.10394130085109499	   0.39184264949373021	  -0.73382966545783934	
15.400000	    0.00000000000000001	   0.00000000000000001	   0.78114043093414454	   4.10394179475540977	   0.39184218540787069	  -0.73382891684017815	
15.500000	    0.00000000000000001	   0.00000000000000001	   0.78114033793829207	   4.10394200989105062	   0.39184128421044884	  -0.73382879778878307	
15.600000	    0.00000000000000001	   0.00000000000000001	   0.78114082628782544	   4.10394182855582734	   0.39184027172690000	  -0.73382942296374476	
15.700000	    0.00000000000000001	   0.00000000000000001	   0.78114175531715757	   4.10394128416338866	   0.39183955359345118	  -0.73383061228678126	
15.800000	    0.00000000000000001	   0.00000000000000001	   0.78114278810454207	   4.10394056322046907	   0.39183945641512569	  -0.73383193443694850	
15.900000	    0.00000000000000001	   0.00000000000000002	   0.78114350986209058	   4.10393994442236387	   0.39184008494055111	  -0.73383285841298218	
16.000000	    0.00000000000000001	   0.00000000000000001	   0.78114359075203088	   4.10393969341171783	   0.39184125577975482	  -0.73383296196621561	
16.100000	    0.00000000000000001	   0.00000000000000001	   0.78114293066274387	   4.10393995194995576	   0.39184254295392484	  -0.73383211693647510	
16.200000	    0.00000000000000001	   0.00000000000000001	   0.78114172440110352	   4.10394066659095724	   0.39184342815797413	  -0.73383057270874941	
16.300000	    0.00000000000000001	   0.00000000000000001	   0.78114041214256003	   4.10394159036575701	   0.39184350472612639	  -0.73382889278357455	
16.400000	    0.00000000000000001	   0.00000000000000001	   0.78113952360563599	   4.10394236439078597	   0.39184265684556113	  -0.73382775529610633	
16.500000	    0.00000000000000001	   0.00000000000000001	   0.78113946909395848	   4.10394265409707515	   0.39184113758942329	  -0.73382768551128830	
16.600000	    0.00000000000000001	   0.00000000000000001	   0.78114035797628700	   4.10394228963452345	   0.39183950306759452	  -0.73382882344101352	
16.700000	    0.00000000000000001	   0.00000000000000001	   0.78114192225995549	   4.10394135302875540	   0.39183841483667009	  -0.73383082600315497	
16.800000	    0.00000000000000001	   0.00000000000000001	   0.78114358770181391	   4.10394017062596994	   0.39183837826650342	  -0.73383295806141102	
16.900000	    0.00000000000000001	   0.00000000000000001	   0.78114467853224157	   4.10393920406843016	   0.39183951800831601	  -0.73383435451359191	
17.000000	    0.00000000000000001	   0.00000000000000001	   0.78114468535568959	   4.10393887415417069	   0.39184148695880866	  -0.73383436324879570	
17.100000	    0.00000000000000001	   0.00000000000000001	   0.78114349240842629	   4.10393938317410534	   0.39184356014279126	  -0.73383283606925342	
17.200000	    0.00000000000000001	   0.00000000000000001	   0.78114146627906400	   4.10394060878271816	   0.39184489409134804	  -0.73383024226668336	
17.300000	    0.00000000000000001	   0.00000000000000001	   0.78113935509525867	   4.10394212059025598	   0.39184486207434227	  -0.73382753957229208	
17.400000	    0.00000000000000001	   0.00000000000000002	   0.78113801998117560	   4.10394332542366946	   0.39184333495086648	  -0.73382583038275195	
17.500000	    0.00000000000000001	   0.00000000000000002	   0.78113809197972472	   4.10394369480168208	   0.39184078623819257	  -0.73382592255407908	
17.600000	    0.00000000000000001	   0.00000000000000002	   0.78113968804331269	   4.10394298945377134	   0.39183815978162190	  -0.73382796580607568	
17.700000	    0.00000000000000001	   0.00000000000000002	   0.78114230927035222	   4.10394138805701214	   0.39183652981389949	  -0.73383132144486829	
17.800000	    0.00000000000000001	   0.00000000000000001	   0.78114498231162155	   4.10393945715883479	   0.39183667185852811	  -0.73383474340354016	
17.900000	    0.00000000000000001	   0.00000000000000001	   0.78114661103107619	   4.10393795812693796	   0.39183871201962900	  -0.73383682844256604	
18.000000	    0.00000000000000001	   0.00000000000000001	   0.78114641542638319	   4.10393755369603852	   0.39184200735274510	  -0.73383657803536595	
18.100000	    0.00000000000000001	   0.00000000000000001	   0.78114428601444408	   4.10393852458229258	   0.39184533068515504	  -0.73383385202295859	
18.200000	    0.00000000000000001	   0.00000000000000001	   0.78114089881264182	   4.10394061399961085	   0.39184731543860163	  -0.73382951580849454	
18.300000	    0.00000000000000001	   0.00000000000000001	   0.78113751858768499	   4.10394307747616072	   0.39184700424389768	  -0.73382518850688461	
18.400000	    0.00000000000000001	   0.00000000000000001	   0.78113553899888011	   4.10394493882652700	   0.39184428609821692	  -0.73382265426510496	
18.500000	    0.00000000000000001	   0.00000000000000001	   0.78113592173873925	   4.10394536827490519	   0.39184003030831199	  -0.73382314424380424	
18.600000	    0.00000000000000001	   0.00000000000000001	   0.78113875524627063	   4.10394403964538235	   0.39183583041633618	  -0.73382677165653387	
18.700000	    0.00000000000000001	   0.00000000000000001	   0.78114312726241508	   4.10394131725328570	   0.39183342298021828	  -0.73383236861849288	
18.800000	    0.00000000000000001	   0.00000000000000001	   0.78114739645310272	   4.10393817773333680	   0.39183398684787257	  -0.73383783391529889	
18.900000	    0.00000000000000001	   0.00000000000000001	   0.78114979279889163	   4.10393587138576788	   0.39183759925431866	  -0.73384090163607951	
19.000000	    0.00000000000000001	   0.00000000000000001	   0.78114913362215388	   4.10393543544917438	   0.39184308922324323	  -0.73384005778128225	
19.100000	    0.00000000000000001	   0.00000000000000001	   0.78114537219350699	   4.10393724445835417	   0.39184839006146210	  -0.73383524251930465	
19.200000	    0.00000000000000001	   0.00000000000000001	   0.78113973533777215	   4.10394078685684960	   0.39185129767235916	  -0.73382802635152566	
19.300000	    0.00000000000000001	   0.00000000000000001	   0.78113435052072910	   4.10394478348752223	   0.39185036449528887	  -0.73382113278899885	
19.400000	    0.00000000000000001	   0.00000000000000001	   0.78113146297447622	   4.10394763473487689	   0.39184557485619143	  -0.73381743617575979	
19.500000	    0.00000000000000001	   0.00000000000000002	   0.78113252279550038	   4.10394804629750887	   0.39183850065591758	  -0.73381879295161168	
19.600000	    0.00000000000000001	   0.00000000000000002	   0.78113750458722619	   4.10394559435380124	   0.39183181905368125	  -0.73382517058369723	
19.700000	    0.00000000000000001	   0.00000000000000002	   0.78114476414956791	   4.10394099092922193	   0.39182832439041293	  -0.73383446411853415	
19.800000	    0.00000000000000001	   0.00000000000000001	   0.78115154725947111	   4.10393590885813708	   0.39182978884927688	  -0.73384314763119873	
19.900000	    0.00000000000000001	   0.00000000000000001	   0.78115500896260470	   4.10393239254629005	   0.39183612565440845	  -0.73384757915985022	
20.000000	    0.00000000000000001	   0.00000000000000001	   0.78115337658809647	   4.10393205418631446	   0.39184523117461278	  -0.73384548946421457	
20.100000	    0.00000000000000001	   0.00000000000000001	   0.78114679207120996	   4.10393536433688233	   0.39185364167549658	  -0.73383706020456507	
20.200000	    0.00000000000000001	   0.00000000000000001	   0.78113745290395875	   4.10394133907789627	   0.39185781892399757	  -0.73382510441959015	
20.300000	    0.00000000000000001	   0.00000000000000001	   0.78112892061006067	   4.10394779395311726	   0.39185560042448581	  -0.73381418145018806	
20.400000	    0.00000000000000001	   0.00000000000000001	   0.78112479518774536	   4.10395211905987711	   0.39184723391297777	  -0.73380890007716504	
20.500000	    0.00000000000000001	   0.00000000000000001	   0.78112723577525034	   4.10395231017730922	   0.39183552649024611	  -0.73381202452501859	
20.600000	    0.00000000000000001	   0.00000000000000001	   0.78113592090813344	   4.10394785776280990	   0.39182495457861494	  -0.73382314318046971	
20.700000	    0.00000000000000001	   0.00000000000000001	   0.78114792240309139	   4.10394011271232539	   0.39181999312200444	  -0.73383850721948329	
20.800000	    0.00000000000000001	   0.00000000000000001	   0.78115864015463654	   4.10393192359127212	   0.39182327126891647	  -0.73385222764004432	
20.900000	    0.00000000000000001	   0.00000000000000001	   0.78116352353641583	   4.10392661882504406	   0.39183429662090991	  -0.73385847908024160	
21.000000	    0.00000000000000001	   0.00000000000000001	   0.78115995209938371	   4.10392668501822300	   0.39184933300916847	  -0.73385390712432408	
21.100000	    0.00000000000000001	   0.00000000000000001	   0.78114851677364683	   4.10393265449699562	   0.39186260218596253	  -0.73383926811294242	
21.200000	    0.00000000000000001	   0.00000000000000001	   0.78113311077419900	   4.10394268238001558	   0.39186845206845411	  -0.73381954567728103	
21.300000	    0.00000000000000001	   0.00000000000000001	   0.78111966894513185	   4.10395305922487275	   0.39186369888443562	  -0.73380233741336776	
21.400000	    0.00000000000000001	   0.00000000000000001	   0.78111393480326130	   4.10395954533462515	   0.39184919640193605	  -0.73379499646019430	
21.500000	    0.00000000000000001	   0.00000000000000001	   0.78111907425612614	   4.10395906249760412	   0.39182990502369630	  -0.73380157608416119	
21.600000	    0.00000000000000001	   0.00000000000000001	   0.78113410272723749	   4.10395108344416926	   0.39181327566597307	  -0.73382081556637424	
21.700000	    0.00000000000000001	   0.00000000000000001	   0.78115385804261528	   4.10393811505671735	   0.39180643864049175	  -0.73384610580205512	
21.800000	    0.00000000000000001	   0.00000000000000001	   0.78117069173835907	   4.10392498162680397	   0.39181323169803073	  -0.73386765535234777	
21.900000	    0.00000000000000001	   0.00000000000000001	   0.78117736184370246	   4.10391707825081831	   0.39183227554584460	  -0.73387619391751768	
22.000000	    0.00000000000000001	   0.00000000000000001	   0.78117006037263104	   4.10391820683736963	   0.39185699897409587	  -0.73386684712182848	
22.100000	    0.00000000000000001	   0.00000000000000001	   0.78115034087404267	   4.10392884329488705	   0.39187780589570242	  -0.73384160326202030	
22.200000	    0.00000000000000001	   0.00000000000000001	   0.78112503624612117	   4.10394559506126999	   0.39188571423531215	  -0.73380920868127653	
22.300000	    0.00000000000000001	   0.00000000000000001	   0.78110399204064096	   4.10396219628687131	   0.39187612093261276	  -0.73378226742606711	
22.400000	    0.00000000000000001	   0.00000000000000001	   0.78109632326564760	   4.10397179041749105	   0.39185115527217851	  -0.73377244951103471	
22.500000	    0.00000000000000001	   0.00000000000000001	   0.78110658343875594	   4.10396969378056564	   0.39181950351206285	  -0.73378558503020197	
22.600000	    0.00000000000000001	   0.00000000000000001	   0.78113241358609087	   4.10395555196436135	   0.39179351278083613	  -0.73381865314255112	
22.700000	    0.00000000000000001	   0.00000000000000001	   0.78116479290866048	   4.10393393733808232	   0.39178448385042131	  -0.73386010405526714	
22.800000	    0.00000000000000001	   0.00000000000000001	   0.78119106030721674	   4.10391297858461890	   0.39179790461920522	  -0.73389372942748099	
22.900000	    0.00000000000000001	   0.00000000000000001	   0.78119975286091914	   4.10390138134370286	   0.39183058326399212	  -0.73390485667379268	
23.000000	    0.00000000000000001	   0.00000000000000001	   0.78118545664945838	   4.10390490025589472	   0.39187106006606892	  -0.73388655617865950	
23.100000	    0.00000000000000001	   0.00000000000000001	   0.78115166914690137	   4.10392365990887598	   0.39190346850342056	  -0.73384330366676009	
23.200000	    0.00000000000000001	   0.00000000000000001	   0.78111028448628261	   4.10395151747414033	   0.39191361344485942	  -0.73379032322960325	
23.300000	    0.00000000000000001	   0.00000000000000001	   0.78107756431244257	   4.10397794161828866	   0.39189499403850891	  -0.73374843303839443	
23.400000	    0.00000000000000001	   0.00000000000000001	   0.78106789239793217	   4.10399189467732484	   0.39185228501379155	  -0.73373605017805421	
23.500000	    0.00000000000000001	   0.00000000000000001	   0.78108765531979440	   4.10398632741366232	   0.39180057629678611	  -0.73376135229587724	
23.600000	    0.00000000000000001	   0.00000000000000001	   0.78113177886364404	   4.10396149933495202	   0.39176024011486854	  -0.73381784057517463	
23.700000	    0.00000000000000001	   0.00000000000000001	   0.78118462130598487	   4.10392563438398472	   0.39174908455910801	  -0.73388548685009680	
23.800000	    0.00000000000000001	   0.00000000000000001	   0.78122531385961780	   4.10389236275506430	   0.39177474653502425	  -0.73393757632127321	
23.900000	    0.00000000000000001	   0.00000000000000001	   0.78123581734405878	   4.10387566669324766	   0.39183048605115123	  -0.73395102111581256	
24.000000	    0.00000000000000001	   0.00000000000000001	   0.78120865687004759	   4.10388415370812520	   0.39189646808767720	  -0.73391625447358877	
24.100000	    0.00000000000000001	   0.00000000000000001	   0.78115110503842333	   4.10391694931549722	   0.39194657203034622	  -0.73384258151675319	
24.200000	    0.00000000000000001	   0.00000000000000001	   0.78108371557945089	   4.10396307118322134	   0.39195849779510117	  -0.73375630836738104	
24.300000	    0.00000000000000001	   0.00000000000000001	   0.78103323075842657	   4.10400490296696319	   0.39192335141023210	  -0.73369167195054752	
24.400000	    0.00000000000000001	   0.00000000002089791	   0.78102220921002119	   4.10402476123946514	   0.39185070917719456	  -0.73367756035358400	
24.500000	    0.00000000000000001	   0.00000000000000000	   0.78105930392040612	   4.10401217308723432	   0.39176659996444774	  -0.73372505430326718	
24.600000	    0.00000000000000001	   0.00000000000000001	   0.78113425023245608	   4.10396894310573312	   0.39170449336503904	  -0.73382100440101872	
24.700000	    0.00000000000000001	   0.00000000000000001	   0.78122011413519399	   4.10390969208466938	   0.39169227776743093	  -0.73393092044155916	
24.800000	    0.00000000000000001	   0.00000000000000001	   0.78128264429806671	   4.10385716950254498	   0.39174018320781839	  -0.73401095890878065	
24.900000	    0.00000000000000001	   0.00000000000000001	   0.78129363020411491	   4.10383372344626629	   0.39183472958741145	  -0.73402502018210514	
25.000000	    0.00000000000000001	   0.00000000000000001	   0.78124317318975756	   4.10385204535838888	   0.39194181744536294	  -0.73396043672491196	
25.100000	    0.00000000000000001	   0.00000000000000001	   0.78114567698693549	   4.10390893400556589	   0.39201863085279814	  -0.73383563270708529	
25.200000	    0.00000000000000001	   0.00000000000000000	   0.78103642662173423	   4.10398496373303523	   0.39203036495053206	  -0.73369576378254564	
25.300000	    0.00000000000000001	   0.00000000003419623	   0.78095920799388918	   4.10405080208200346	   0.39196539868969055	  -0.73359689202363443	
25.400000	    0.00000000000000001	   0.00000000003130668	   0.78094916144845949	   4.10407826091116146	   0.39184250631627798	  -0.73358402757444807	
25.500000	    0.00000000000000001	   0.00000000000000001	   0.78101742666093643	   4.10405202510063472	   0.39170629808894980	  -0.73367143688658698	
25.600000	    0.00000000000000001	   0.00000000000000001	   0.78114405482592686	   4.10397730585830089	   0.39161152737276783	  -0.73383355606155132	
25.700000	    0.00000000000000001	   0.00000000000000001	   0.78128295976298634	   4.10387984053331767	   0.39160157089172276	  -0.73401136268691713	
25.800000	    0.00000000000000001	   0.00000000000000001	   0.78137816184940923	   4.10379742999252795	   0.39168936154008888	  -0.73413320879317479	
25.900000	    0.00000000000000001	   0.00000000000000001	   0.78138584660751109	   4.10376561108896443	   0.39184889872430778	  -0.73414304362179572	
26.000000	    0.00000000000000001	   0.00000000000000001	   0.78129373082826648	   4.10380276610541639	   0.39202192218471432	  -0.73402514897380178	
26.100000	    0.00000000000000001	   0.00000000000000001	   0.78112941248905010	   4.10390076227420675	   0.39213855478965193	  -0.73381481115267455	
26.200000	    0.00000000000000001	   0.00000000000000001	   0.78095310270703167	   4.10402555437609262	   0.39214486521319070	  -0.73358907431605247	
26.300000	    0.00000000000000001	   0.00000000000000001	   0.78083617529581439	   4.10412852091022007	   0.39202674427685491	  -0.73343933912055681	
26.400000	    0.00000000000000001	   0.00000000000000000	   0.78083295576569500	   4.10416496880984560	   0.39181988956859498	  -0.73343521592947236	
26.500000	    0.00000000000000001	   0.00000000000375276	   0.78095662745453842	   4.10411294382211178	   0.39160031025285563	  -0.73359358769789840	
26.600000	    0.00000000000000001	   0.00000000000351474	   0.78116951092516762	   4.10398465176520055	   0.39145719628653480	  -0.73386614375687065	
26.700000	    0.00000000000000001	   0.00000000000000001	   0.78139320606485396	   4.10382501131742927	   0.39145750099542248	  -0.73415246204513140	
26.800000	    0.00000000000000001	   0.00000000000000001	   0.78153660194835406	   4.10369656161352392	   0.39161602013971453	  -0.73433595830090370	
26.900000	    0.00000000000000001	   0.00000000000000001	   0.78153216619517385	   4.10365550458128592	   0.39188389623775616	  -0.73433028260285360	
27.000000	    0.00000000000000001	   0.00000000000000001	   0.78136634249506431	   4.10372785867627154	   0.39216215947149113	  -0.73411808238664045	
27.100000	    0.00000000000000001	   0.00000000000000001	   0.78109075098426628	   4.10389560203666637	   0.39233727229014226	  -0.73376531556212277	
27.200000	    0.00000000000000001	   0.00000000000000001	   0.78080756507542626	   4.10409954826376655	   0.39232633846138598	  -0.73340269795887569	
27.300000	    0.00000000000000001	   0.00000000000000001	   0.78063259405652885	   4.10425945977574624	   0.39211443875924201	  -0.73317858303701267	
27.400000	    0.00000000000000001	   0.00000000000000001	   0.78064910115858610	   4.10430488106570390	   0.39176792434047908	  -0.73319972861516991	
27.500000	    0.00000000000000001	   0.00000000000000002	   0.78087027793754193	   4.10420515144351672	   0.39141560491388228	  -0.73348301268246452	
27.600000	    0.00000000000000001	   0.00000000000000002	   0.78122647599173833	   4.10398620662420388	   0.39120214112003615	  -0.73393906389628805	
27.700000	    0.00000000000000001	   0.00000000000000002	   0.78158503974060334	   4.10372585079055607	   0.39122998467933195	  -0.73439793401792153	
27.800000	    0.00000000000000001	   0.00000000000000002	   0.78179828918435634	   4.10352711570892659	   0.39151273938556069	  -0.73467073908257885	
27.900000	    0.00000000000000001	   0.00000000000000001	   0.78176302324214764	   4.10347836607924599	   0.39196040348248912	  -0.73462562931691400	
28.000000	    0.00000000000000001	   0.00000000000000001	   0.78146796437541488	   4.10361529459122920	   0.39240575883865447	  -0.73424813056901339	
28.100000	    0.00000000000000001	   0.00000000000000001	   0.78100791017303806	   4.10390076388911940	   0.39266516721008693	  -0.73365925208052263	
28.200000	    0.00000000000000001	   0.00000000000121065	   0.78055532939330696	   4.10423262361760255	   0.39261237377900454	  -0.73307960115006909	
28.300000	    0.00000000000000001	   0.00000000000232155	   0.78029721722994028	   4.10447905071388419	   0.39223649040650899	  -0.73274886886365598	
28.400000	    0.00000000000000001	   0.00000000000000001	   0.78035991912366598	   4.10452966914898632	   0.39165868376865748	  -0.73282922205882917	
28.500000	    0.00000000000000001	   0.00000000000000001	   0.78075118926134668	   4.10434317297786411	   0.39109615162378819	  -0.73333049342105938	
28.600000	    0.00000000000000001	   0.00000000000000001	   0.78134448028722114	   4.10397161788189191	   0.39078250158800854	  -0.73409010253581153	
28.700000	    0.00000000000000001	   0.00000000000000001	   0.78191645280143651	   4.10354886382407447	   0.39087293392838890	  -0.73482187101747787	
28.800000	    0.00000000000000001	   0.00000000000000001	   0.78222869439272269	   4.10324395757442861	   0.39137209578653614	  -0.73522111989285444	
28.900000	    0.00000000000000001	   0.00000000000000001	   0.78212503302860370	   4.10319494897631465	   0.39211678341594092	  -0.73508859057741427	
29.000000	    0.00000000000000001	   0.00000000000000001	   0.78160516091131327	   4.10344862570440849	   0.39282592980749065	  -0.73442367774471895	
29.100000	    0.00000000000000001	   0.00000000000000001	   0.78084067980813165	   4.10393185827985629	   0.39320392238206225	  -0.73344510793541617	
29.200000	    0.00000000000000001	   0.00000000000000001	   0.78012123925105681	   4.10446950923147114	   0.39306048640364372	  -0.73252331657170544	
29.300000	    0.00000000000000001	   0.00000000000000001	   0.77974717723622411	   4.10484598883091056	   0.39240007227253670	  -0.73204370942274388	
29.400000	    0.00000000000000001	   0.00000000000000001	   0.77990796109387817	   4.10488956526937177	   0.39144082633771138	  -0.73224988815331016	
29.500000	    0.00000000000000001	   0.00000000000000001	   0.78059363856686514	   4.10454748296169569	   0.39054730037361035	  -0.73312867932813952	
29.600000	    0.00000000000000001	   0.00000000000000001	   0.78157753911159655	   4.10392034587235432	   0.39009507471422411	  -0.73438833728227748	
29.700000	    0.00000000000000001	   0.00000000000000001	   0.78248537088372982	   4.10323707606724231	   0.39031646088657818	  -0.73554920091290710	
29.800000	    0.00000000000000001	   0.00000000000040730	   0.78293370277962060	   4.10277394041120491	   0.39118989816659488	  -0.73612199565607539	
29.900000	    0.00000000000000001	   0.00000000002166705	   0.78268889053053059	   4.10274510844924656	   0.39242324972649945	  -0.73580926096237897	
30.000000	    0.00000000000000001	   0.00000000000276621	   0.78178064695862137	   4.10320760283048447	   0.39354649011684528	  -0.73464817261621695	
30.100000	    0.00000000000000001	   0.00000000000000001	   0.78051604738599656	   4.10402188020478764	   0.39408612640643320	  -0.73302927416575248	
30.200000	    0.00000000000000001	   0.00000000000000001	   0.77937907007838458	   4.10488956570715935	   0.39375886114033687	  -0.73157151268394016	
30.300000	    0.00000000000000001	   0.00000000000000001	   0.77884920182780415	   4.10545980053072679	   0.39260831607541574	  -0.73089142199305890	
30.400000	    0.00000000000000001	   0.00000000000000001	   0.77920654967978220	   4.10546748514233251	   0.39102254540392423	  -0.73135013196909526	
30.500000	    0.00000000000000001	   0.00000000000000001	   0.78039819421460432	   4.10485100119828417	   0.38961071118667173	  -0.73287826885300400	
30.600000	    0.00000000000000001	   0.00000000000000001	   0.78202311777317401	   4.10379962720099023	   0.38897374104611820	  -0.73495827650772427	
30.700000	    0.00000000000000001	   0.00000000000000001	   0.78345661445826376	   4.10270285181954719	   0.38945399380821211	  -0.73678966027620763	
30.800000	    0.00000000000000001	   0.00000000000000001	   0.78408407998226859	   4.10201056716320434	   0.39096755349502149	  -0.73759023350502106	
30.900000	    0.00000000000000001	   0.00000000000000001	   0.78356074209819637	   4.10205250100233787	   0.39299668693787604	  -0.73692255942969132	
31.000000	    0.00000000000000001	   0.00000000000000001	   0.78198578475534675	   4.10288913995319415	   0.39475891396046658	  -0.73491053634745984	
31.100000	    0.00000000000000001	   0.00000000000000001	   0.77990367438110342	   4.10426017336467996	   0.39549949100591608	  -0.73224439170396727	
31.200000	    0.00000000000000001	   0.00000000000000001	   0.77811878248744193	   4.10566015211942315	   0.39480255833152295	  -0.72995316327315451	
31.300000	    0.00000000000000001	   0.00000000000000001	   0.77739110704233283	   4.10652069813131071	   0.39279917872424891	  -0.72901755302330962	
31.400000	    0.00000000000000001	   0.00000000000000001	   0.77812752511170946	   4.10643554259115096	   0.39017553244557096	  -0.72996439880088171	
31.500000	    0.00000000000000001	   0.00000000000000001	   0.78018321237439647	   4.10534363881240427	   0.38795174761025741	  -0.73260275379092632	
31.600000	    0.00000000000000002	   0.00000000000000001	   0.78285667774566203	   4.10359261260101338	   0.38709583443434009	  -0.73602361079564205	
31.700000	    0.00000000000000002	   0.00000000000000001	   0.78510879263400424	   4.10184111205001845	   0.38811989493236948	  -0.73889627155203774	
31.800000	    0.00000000000000167	   0.00000000000000001	   0.78595666496900762	   4.10081916838776817	   0.39083066024383328	  -0.73997563131163557	
31.900000	    0.00000000000000300	   0.00000000000000001	   0.78489999738948446	   4.10103134284921733	   0.39435227082124247	  -0.73863029183643336	
32.000000	    0.00000000000000546	   0.00000000000000000	   0.78218653902295165	   4.10252529408277855	   0.39743078376356622	  -0.73516722707860216	
32.100000	    0.00000000000001002	   0.00000000001035351	   0.77877477328071087	   4.10483152375251859	   0.39891915745053552	  -0.73079585522167201	
32.200000	    0.00000000000001857	   0.00000000000613788	   0.77599348517079592	   4.10711212904851219	   0.39826959870703887	  -0.72721809877913535	
32.300000	    0.00000000000003477	   0.00000000000000001	   0.77503588671802370	   4.10847190579472255	   0.39584268119395688	  -0.72598330775347997	
32.400000	    0.00000000000006614	   0.00000000000000417	   0.77647946699579884	   4.10832179883764770	   0.39288514437013933	  -0.72784417324978501	
32.500000	    0.00000000000012854	   0.00000000000001787	   0.77999762602735812	   4.10665987958267653	   0.39113611833145212	  -0.73236485015394293	
32.600000	    0.00000000000025677	   0.00000000000007607	   0.78437831563927263	   4.10415025865907346	   0.39217766119984171	  -0.73796542345066607	
32.700000	    0.00000000000052981	   0.00000000000032072	   0.78789976030902131	   4.10193743135767086	   0.39678494453806190	  -0.74244484806625588	
32.800000	    0.00000000000113260	   0.00000000000133927	   0.78899335925458025	   4.10123145197753747	   0.40456548826166466	  -0.74383187817923302	
32.900000	    0.00000000000250963	   0.00000000000554466	   0.78695086074524145	   4.10281036821230316	   0.41406687625554128	  -0.74123978180031824	
33.000000	    0.00000000000575220	   0.00000000002278411	   0.78232871921140479	   4.10664948943281605	   0.42333478132453728	  -0.73534898329742215	
33.100000	    0.00000000001358306	   0.00000000009292677	   0.77681209072860313	   4.11184906857954857	   0.43072313226485731	  -0.72827245567522780	
33.200000	    0.00000000003287041	   0.00000000037533179	   0.77258669698375759	   4.11690352660231973	   0.43566295600770238	  -0.72281820560941545	
33.300000	    0.00000000008103565	   0.00000000149352574	   0.77150308079510610	   4.12020996427983643	   0.43909052668061477	  -0.72141463907833336	
33.400000	    0.00000000020224431	   0.00000000580919072	   0.77434922526014560	   4.12062202352956763	   0.44331111337933277	  -0.72509694128780156	
33.500000	    0.00000000050759359	   0.00000002187813957	   0.78044889671099138	   4.11783521608267300	   0.45124380574156658	  -0.73294323677551920	
33.600000	    0.00000000127209534	   0.00000007904570978	   0.78772620121357140	   4.11242737027958594	   0.46524347983016845	  -0.74222454312026198	
33.700000	    0.00000000316027003	   0.00000027205968529	   0.79332699045149868	   4.10547064089123026	   0.48593200533708791	  -0.74930945676585925	
33.800000	    0.00000000773063471	   0.00000088897931878	   0.79472261264269095	   4.09778586647949439	   0.51154231762020241	  -0.75106711288407835	
33.900000	    0.00000001852853886	   0.00000275908246542	   0.79089265746495252	   4.08909061017331865	   0.53810503463241488	  -0.74623622774015430	
34.000000	    0.00000004342003976	   0.00000816041130574	   0.78294756361729234	   4.07740153696038554	   0.56046384716647091	  -0.73613969921764599	
34.100000	    0.00000009960320911	   0.00002309762792812	   0.77376058808097470	   4.05899571953373783	   0.57377339918667114	  -0.72433648204589485	
34.200000	    0.00000022453800081	   0.00006276314380831	   0.76675958310813563	   4.02901851657531296	   0.57496443884145698	  -0.71524727529359433	
34.300000	    0.00000050008321851	   0.00016384317132641	   0.76445927289135185	   3.98256008374272419	   0.56370544294253699	  -0.71224272511025666	
34.400000	    0.00000110588244284	   0.00041000241333494	   0.76727578454193512	   3.91583799507134422	   0.54260815492272185	  -0.71592027340586073	
34.500000	    0.00000243621569892	   0.00097905252335117	   0.77290247411534219	   3.82708688840526801	   0.51671954063380798	  -0.72322684921808078	
34.600000	    0.00000535046228739	   0.00221822626026050	   0.77641042861422349	   3.71686854710904013	   0.49258173004114475	  -0.72775525724637868	
34.700000	    0.00001169452381809	   0.00474216058573182	   0.77125142065427477	   3.58773591625354937	   0.47720865623865472	  -0.72108839126275881	
34.800000	    0.00002535012131474	   0.00952457796903851	   0.75114524125468674	   3.44342905257183851	   0.47720954490679629	  -0.69467300423830480	
34.900000	    0.00005427512775585	   0.01792863780110869	   0.71228418683030159	   3.28793533471694044	   0.49810493021366531	  -0.64155094461346562	
35.000000	    0.00011435033276772	   0.03161461715072205	   0.65481898884571710	   3.12472754792488416	   0.54379367455784733	  -0.55743281856503357	
35.100000	    0.00023644330979079	   0.05229521249305027	   0.58282658546734500	   2.95632859836520101	   0.61619794536955763	  -0.44096366410387888	
35.200000	    0.00047906179635140	   0.08136494912996456	   0.50285325852350615	   2.78417343426114350	   0.71523231032905810	  -0.29337236900945951	
35.300000	    0.00095035222846625	   0.11946426559622085	   0.42189333415640656	   2.60867102231681836	   0.83924601258543308	  -0.11782649345319848	
35.400000	    0.00184470619385467	   0.16602536482342123	   0.34572885312478313	   2.42941079930590176	   0.98591225372169855	   0.08127121962495300	
35.500000	    0.00349967240224514	   0.21883895874639500	   0.27809910604318849	   2.24550016880571279	   1.15329528644732138	   0.29894847925135287	
35.600000	    0.00647567889060727	   0.27376508098559849	   0.22067405871009840	   2.05597947080273391	   1.34069930637387524	   0.53023926057632020	
35.700000	    0.01165128970049579	   0.32486862795471860	   0.17353064716877023	   1.86017925932997508	   1.54898872643489471	   0.77057180144041693	
35.800000	    0.02031095288540161	   0.36529925718370543	   0.13578264442374074	   1.65788203385274802	   1.78030582046762942	   1.01587062148936313	
35.900000	    0.03418925716914602	   0.38893869000141679	   0.10611342019839706	   1.44928532394278919	   2.03735082989155192	   1.26241750203063097	
36.000000	    0.05543818403990073	   0.39226584787820651	   0.08311318325631258	   1.23494121876543828	   2.32252329843470839	   1.50672269341459053	
36.100000	    0.08649955865077517	   0.37549795663628094	   0.06544456854295953	   1.01589470470338794	   2.63723982668102952	   1.74572252341468093	
36.200000	    0.12986786554229035	   0.34233460260335302	   0.05190936144611561	   0.79408403984333409	   2.98167584691680121	   1.97742687737981093	
36.300000	    0.18770117687029683	   0.29847430187252127	   0.04147621666573834	   0.57281610965795671	   3.35503862791119101	   2.20180585540581397	
36.400000	    0.26121793845633895	   0.24979225487209913	   0.03329624780770933	   0.35699036722822614	   3.75627308666813375	   2.42148131377985454	
36.500000	    0.34988751767079068	   0.20107473718225391	   0.02671146753908329	   0.15282220378968292	   4.18489891313715123	   2.64183305692529968	
36.600000	    0.45062756279656052	   0.15562644147411756	   0.02125393206112059	  -0.03295424170869886	   4.64159349852939940	   2.87038410954703549	
36.700000	    0.55747511611120615	   0.11548638232798340	   0.01663182931055826	  -0.19419795652187682	   5.12823720532682525	   3.11560773818031134	
36.800000	    0.66226500722737958	   0.08179512883441158	   0.01269839642197468	  -0.32647688275232134	   5.64737233524444981	   3.38545030646433887	
36.900000	    0.75648766258678879	   0.05501816117450534	   0.00940327776769836	  -0.42790879020449984	   6.20125687746800391	   3.68586769878440501	
37.000000	    0.83376108823886375	   0.03500452389582216	   0.00673499572114461	  -0.49955460599460483	   6.79080076679430977	   4.01960885142461866	
37.100000	    0.89174449781941778	   0.02102874847485912	   0.00467155422360922	  -0.54529935747885006	   7.41463747146323282	   4.38543419946396273	
37.200000	    0.93245660198259972	   0.01194484470051375	   0.00315497762229328	  -0.57123405622743495	   8.06848353331496604	   4.77794462277789922	
37.300000	    0.96087478820503336	   0.00644794832505389	   0.00209336459300809	  -0.58462067737787338	   8.74486878786289346	   5.18815340130425540	
37.400000	    0.98266025383650923	   0.00333664807258077	   0.00138008206287411	  -0.59261565863922105	   9.43331294944343313	   5.60478306271851245	
37.500000	    1.00213424191377487	   0.00167460072382867	   0.00091476135675350	  -0.60103577684482357	  10.12102367375354994	   6.01601808598573484	
37.600000	    1.02121610847097455	   0.00082604402164080	   0.00061613113096646	  -0.61350405340716452	  10.79410801297808753	   6.41122148912813206	
37.700000	    1.03946521446442852	   0.00040579312978269	   0.00042521103146427	  -0.63123685064765422	  11.43910185735534846	   6.78209571464381611	
37.800000	    1.05500429946494401	   0.00020077151781364	   0.00030237922364517	  -0.65352246778323209	  12.04442794913319936	   7.12299936788453270	
37.900000	    1.06588644186152526	   0.00010086239078032	   0.00022233148542985	  -0.67868286584659743	  12.60134611049729081	   7.43051185914956758	
38.000000	    1.07130583276539459	   0.00005169758715865	   0.00016936012751975	  -0.70512848297646191	  13.10413930447195341	   7.70265392517545244	
38.100000	    1.07209109055082341	   0.00002709519054916	   0.00013381171932614	  -0.73210327904149497	  13.54961283479015854	   7.93824757270737358	
38.200000	    1.07030480448792953	   0.00001453632788203	   0.00010972448213198	  -0.75988338187505611	  13.93628483939461304	   8.13670878907973716	
38.300000	    1.06828960159394404	   0.00000799430641889	   0.00009335718612351	  -0.78945476539479775	  14.26373712470440047	   8.29824845749371676	
38.400000	    1.06773698269054940	   0.00000452098890340	   0.00008230780247025	  -0.82191582870915203	  14.53242613484848711	   8.42421539653544293	
38.500000	    1.06919125654183378	   0.00000264462765776	   0.00007499374853529	  -0.85792183820550860	  14.74393681621447705	   8.51727654775314491	
38.600000	    1.07208419489418083	   0.00000161530357318	   0.00007034516110332	  -0.89740082052538206	  14.90139665172364225	   8.58126730693733641	
38.700000	    1.07517272975992495	   0.00000104377195425	   0.00006762276957837	  -0.93960438126154899	  15.00969992095046557	   8.62073655053503707	
38.800000	    1.07715600944207823	   0.00000072464088481	   0.00006630954862510	  -0.98340725925788297	  15.07532486383320247	   8.64034739663616236	
38.900000	    1.07722158412555213	   0.00000054780300266	   0.00006604542014142	  -1.02768808246026078	  15.10574514215977437	   8.64433861565515826	
39.000000	    1.07531082652308863	   0.00000045322638512	   0.00006658422636519	  -1.07161854557405500	  15.10861823236547963	   8.63621359682108647	
39.100000	    1.07202672020408807	   0.00000040753940993	   0.00006775881468896	  -1.11474814950181678	  15.09101484851593789	   8.61872674754571655	
39.200000	    1.06828514226528104	   0.00000039174810853	   0.00006944715403381	  -1.15687325472015390	  15.05892859959768337	   8.59411521522669197	
39.300000	    1.06491885113233531	   0.00000039468678253	   0.00007153959212772	  -1.19777873187613371	  15.01719198133407218	   8.56443027245584965	
39.400000	    1.06241747839543366	   0.00000040942256433	   0.00007391206069834	  -1.23698790298462002	  14.96976209125060109	   8.53180528736004007	
39.500000	    1.06087360749876813	   0.00000043118949999	   0.00007641075881872	  -1.27363164251371441	  14.92019282618438680	   8.49855779645999299	
39.600000	    1.06009443353000332	   0.00000045616437562	   0.00007885144216472	  -1.30647662651444274	  14.87204804485652154	   8.46711570173329164	
39.700000	    1.05978163895843625	   0.00000048080556095	   0.00008103270979933	  -1.33408321330747892	  14.82905724119154911	   8.43982840711230153	
39.800000	    1.05968222502736387	   0.00000050167371780	   0.00008275906977744	  -1.35502704135036622	  14.79493847032694731	   8.41874769214033769	
39.900000	    1.05965385251875110	   0.00000051568157059	   0.00008386726033781	  -1.36811815953840288	  14.77295224791069828	   8.40544599006969939	
40.000000	    1.05964703568311069	   0.00000052062041610	   0.00008424923707230	  -1.37257279960368983	  14.76535410890510391	   8.40090179128275594	

