DENSITY
WJDCFIELD
 0.000000	 0.707511	4.60719e-05	21.6771	0.00141157	
 0.100000	 0.707508	4.60719e-05	21.6771	0.00141157	
 0.200000	 0.707503	4.6072e-05	21.6769	0.00141157	
 0.300000	 0.707499	4.6072e-05	21.6768	0.00141157	
 0.400000	 0.707497	4.6072e-05	21.6767	0.00141157	
 0.500000	 0.707499	4.60722e-05	21.6768	0.00141158	
 0.600000	 0.707503	4.60725e-05	21.6769	0.00141159	
 0.700000	 0.70751	4.6073e-05	21.6771	0.0014116	
 0.800000	 0.707515	4.60734e-05	21.6773	0.00141162	
 0.900000	 0.707517	4.60738e-05	21.6773	0.00141163	
 1.000000	 0.707514	4.60741e-05	21.6773	0.00141164	
 1.100000	 0.707506	4.60742e-05	21.677	0.00141164	
 1.200000	 0.707495	4.60743e-05	21.6767	0.00141164	
 1.300000	 0.707486	4.60745e-05	21.6764	0.00141165	
 1.400000	 0.707483	4.60749e-05	21.6763	0.00141166	
 1.500000	 0.707488	4.60756e-05	21.6765	0.00141168	
 1.600000	 0.707499	4.60766e-05	21.6768	0.00141171	
 1.700000	 0.707513	4.60779e-05	21.6772	0.00141175	
 1.800000	 0.707523	4.60792e-05	21.6775	0.00141179	
 1.900000	 0.707524	4.60803e-05	21.6776	0.00141183	
 2.000000	 0.707515	4.60813e-05	21.6773	0.00141186	
 2.100000	 0.707497	4.60822e-05	21.6767	0.00141188	
 2.200000	 0.707476	4.60832e-05	21.6761	0.00141191	
 2.300000	 0.707461	4.60845e-05	21.6756	0.00141195	
 2.400000	 0.707457	4.60864e-05	21.6755	0.00141201	
 2.500000	 0.707467	4.6089e-05	21.6758	0.00141209	
 2.600000	 0.707487	4.60923e-05	21.6764	0.00141219	
 2.700000	 0.70751	4.60962e-05	21.6771	0.00141231	
 2.800000	 0.707523	4.61003e-05	21.6775	0.00141244	
 2.900000	 0.707521	4.61044e-05	21.6774	0.00141257	
 3.000000	 0.707499	4.61086e-05	21.6768	0.00141269	
 3.100000	 0.707463	4.6113e-05	21.6757	0.00141283	
 3.200000	 0.707425	4.61181e-05	21.6745	0.00141298	
 3.300000	 0.707398	4.61243e-05	21.6737	0.00141317	
 3.400000	 0.707391	4.61322e-05	21.6735	0.00141341	
 3.500000	 0.707406	4.61419e-05	21.674	0.00141371	
 3.600000	 0.707437	4.61535e-05	21.6749	0.00141407	
 3.700000	 0.707467	4.61668e-05	21.6758	0.00141448	
 3.800000	 0.70748	4.61814e-05	21.6762	0.00141492	
 3.900000	 0.707461	4.61972e-05	21.6756	0.00141541	
 4.000000	 0.707411	4.62143e-05	21.6741	0.00141593	
 4.100000	 0.707338	4.62335e-05	21.6719	0.00141652	
 4.200000	 0.707264	4.62555e-05	21.6696	0.00141719	
 4.300000	 0.707208	4.62816e-05	21.6679	0.00141799	
 4.400000	 0.707186	4.63127e-05	21.6672	0.00141895	
 4.500000	 0.707198	4.63496e-05	21.6676	0.00142008	
 4.600000	 0.707229	4.63925e-05	21.6685	0.00142139	
 4.700000	 0.707252	4.64415e-05	21.6692	0.00142289	
 4.800000	 0.707237	4.64965e-05	21.6688	0.00142458	
 4.900000	 0.707166	4.65581e-05	21.6666	0.00142646	
 5.000000	 0.707038	4.66272e-05	21.6627	0.00142858	
 5.100000	 0.706872	4.67057e-05	21.6576	0.00143099	
 5.200000	 0.706702	4.67961e-05	21.6524	0.00143376	
 5.300000	 0.706561	4.69014e-05	21.648	0.00143698	
 5.400000	 0.706469	4.70244e-05	21.6452	0.00144075	
 5.500000	 0.706422	4.71676e-05	21.6438	0.00144514	
 5.600000	 0.706389	4.73329e-05	21.6428	0.0014502	
 5.700000	 0.706322	4.75222e-05	21.6407	0.001456	
 5.800000	 0.706174	4.77379e-05	21.6362	0.00146261	
 5.900000	 0.705915	4.7983e-05	21.6282	0.00147012	
 6.000000	 0.705546	4.82627e-05	21.6169	0.00147869	
 6.100000	 0.705101	4.85836e-05	21.6033	0.00148852	
 6.200000	 0.704632	4.89542e-05	21.589	0.00149988	
 6.300000	 0.704191	4.93844e-05	21.5754	0.00151306	
 6.400000	 0.7038	4.98845e-05	21.5635	0.00152838	
 6.500000	 0.703441	5.04655e-05	21.5525	0.00154618	
 6.600000	 0.703054	5.11387e-05	21.5406	0.00156681	
 6.700000	 0.702553	5.1917e-05	21.5252	0.00159065	
 6.800000	 0.701853	5.28158e-05	21.5038	0.00161819	
 6.900000	 0.700905	5.3855e-05	21.4748	0.00165003	
 7.000000	 0.699711	5.50605e-05	21.4382	0.00168696	
 7.100000	 0.69832	5.64652e-05	21.3956	0.00173	
 7.200000	 0.696812	5.81106e-05	21.3493	0.00178041	
 7.300000	 0.695251	6.00463e-05	21.3015	0.00183972	
 7.400000	 0.693653	6.23319e-05	21.2526	0.00190975	
 7.500000	 0.691962	6.50378e-05	21.2008	0.00199265	
 7.600000	 0.690053	6.82494e-05	21.1423	0.00209105	
 7.700000	 0.68776	7.2072e-05	21.072	0.00220817	
 7.800000	 0.684926	7.66403e-05	20.9852	0.00234814	
 7.900000	 0.681453	8.21298e-05	20.8788	0.00251632	
 8.000000	 0.677321	8.87722e-05	20.7522	0.00271984	
 8.100000	 0.672588	9.68763e-05	20.6072	0.00296813	
 8.200000	 0.667348	0.000106854	20.4466	0.00327382	
 8.300000	 0.661664	0.000119255	20.2725	0.00365377	
 8.400000	 0.655511	0.000134818	20.084	0.00413061	
 8.500000	 0.648741	0.000154545	19.8765	0.00473502	
 8.600000	 0.641092	0.000179809	19.6422	0.00550906	
 8.700000	 0.632238	0.000212518	19.3709	0.00651119	
 8.800000	 0.621868	0.000255367	19.0532	0.00782403	
 8.900000	 0.609766	0.000312221	18.6824	0.00956596	
 9.000000	 0.595851	0.000388697	18.256	0.0119091	
 9.100000	 0.580175	0.000493046	17.7758	0.0151061	
 9.200000	 0.562864	0.0006375	17.2454	0.019532	
 9.300000	 0.544024	0.00084029	16.6681	0.0257451	
 9.400000	 0.523643	0.00112866	16.0437	0.0345803	
 9.500000	 0.501549	0.00154328	15.3668	0.0472837	
 9.600000	 0.477408	0.00214458	14.6271	0.0657064	
 9.700000	 0.450812	0.00302149	13.8122	0.0925736	
 9.800000	 0.421396	0.0043031	12.911	0.13184	
 9.900000	 0.388986	0.006173	11.918	0.189131	
10.000000	 0.353777	0.00888542	10.8376	0.272235	
10.100000	 0.316134	0.0127806	9.68591	0.391576	
10.200000	 0.277105	0.0182942	8.4901	0.560506	
10.300000	 0.237802	0.025955	7.28591	0.795218	
10.400000	 0.199519	0.0363608	6.113	1.11404	
10.500000	 0.163509	0.0501293	5.00968	1.53588	
10.600000	 0.130821	0.0678202	4.00818	2.0779	
10.700000	 0.102194	0.0898375	3.13108	2.75248	
10.800000	 0.0779953	0.11633	2.38967	3.56415	
10.900000	 0.0582328	0.147109	1.78417	4.50718	
11.000000	 0.0426152	0.181615	1.30567	5.56438	
11.100000	 0.0306458	0.218938	0.938944	6.7079	
11.200000	 0.0217243	0.257906	0.665602	7.90183	
11.300000	 0.0152352	0.297226	0.466784	9.10653	
11.400000	 0.0106115	0.335649	0.325123	10.2838	
11.500000	 0.00737092	0.372135	0.225835	11.4016	
11.600000	 0.00512712	0.405976	0.157088	12.4385	
11.700000	 0.0035857	0.436848	0.109861	13.3843	
11.800000	 0.00253066	0.464782	0.077536	14.2402	
11.900000	 0.00180832	0.490068	0.0554043	15.0149	
12.000000	 0.00131178	0.51311	0.0401912	15.7209	
12.100000	 0.000968005	0.534293	0.0296583	16.3699	
12.200000	 0.000727613	0.55387	0.0222931	16.9697	
12.300000	 0.000557476	0.571931	0.0170803	17.5231	
12.400000	 0.000435423	0.588418	0.0133407	18.0282	
12.500000	 0.000346602	0.603205	0.0106194	18.4812	
12.600000	 0.000281025	0.616193	0.00861021	18.8791	
12.700000	 0.000231925	0.627391	0.00710586	19.2222	
12.800000	 0.000194673	0.636951	0.0059645	19.5151	
12.900000	 0.000166061	0.645147	0.00508788	19.7663	
13.000000	 0.000143835	0.652307	0.00440692	19.9856	
13.100000	 0.000126387	0.658733	0.00387234	20.1825	
13.200000	 0.000112552	0.664633	0.00344843	20.3633	
13.300000	 0.000101472	0.670092	0.00310897	20.5305	
13.400000	 9.25143e-05	0.675082	0.00283451	20.6834	
13.500000	 8.52039e-05	0.679517	0.00261053	20.8193	
13.600000	 7.91858e-05	0.683316	0.00242614	20.9357	
13.700000	 7.41938e-05	0.686455	0.00227319	21.0319	
13.800000	 7.00268e-05	0.688996	0.00214552	21.1097	
13.900000	 6.65323e-05	0.691071	0.00203846	21.1733	
14.000000	 6.35917e-05	0.692849	0.00194836	21.2278	
14.100000	 6.11109e-05	0.69448	0.00187235	21.2777	
14.200000	 5.90127e-05	0.696056	0.00180807	21.326	
14.300000	 5.72326e-05	0.697595	0.00175353	21.3732	
14.400000	 5.57163e-05	0.699053	0.00170707	21.4178	
14.500000	 5.44184e-05	0.700352	0.0016673	21.4576	
14.600000	 5.33019e-05	0.701424	0.0016331	21.4905	
14.700000	 5.23375e-05	0.702241	0.00160355	21.5155	
14.800000	 5.15027e-05	0.702831	0.00157797	21.5336	
14.900000	 5.078e-05	0.703263	0.00155583	21.5468	
15.000000	 5.01555e-05	0.703626	0.0015367	21.558	
15.100000	 4.96174e-05	0.703996	0.00152021	21.5693	
15.200000	 4.91545e-05	0.704413	0.00150602	21.5821	
15.300000	 4.87561e-05	0.704873	0.00149382	21.5962	
15.400000	 4.84121e-05	0.705336	0.00148328	21.6104	
15.500000	 4.81133e-05	0.705748	0.00147413	21.623	
15.600000	 4.78521e-05	0.706063	0.00146612	21.6326	
15.700000	 4.76226e-05	0.706263	0.00145909	21.6388	
15.800000	 4.74207e-05	0.706364	0.00145291	21.6418	
15.900000	 4.7244e-05	0.706407	0.00144749	21.6432	
16.000000	 4.70903e-05	0.706442	0.00144278	21.6443	
16.100000	 4.69577e-05	0.706511	0.00143872	21.6463	
16.200000	 4.68442e-05	0.70663	0.00143524	21.65	
16.300000	 4.67469e-05	0.70679	0.00143226	21.6549	
16.400000	 4.66629e-05	0.706962	0.00142969	21.6602	
16.500000	 4.65895e-05	0.707112	0.00142744	21.6648	
16.600000	 4.65244e-05	0.707211	0.00142544	21.6678	
16.700000	 4.64663e-05	0.70725	0.00142366	21.669	
16.800000	 4.64143e-05	0.707242	0.00142207	21.6688	
16.900000	 4.63684e-05	0.707212	0.00142066	21.6678	
17.000000	 4.63286e-05	0.707188	0.00141944	21.6671	
17.100000	 4.62948e-05	0.707194	0.00141841	21.6673	
17.200000	 4.62664e-05	0.707236	0.00141754	21.6686	
17.300000	 4.62426e-05	0.707304	0.00141681	21.6707	
17.400000	 4.62222e-05	0.707381	0.00141618	21.673	
17.500000	 4.62042e-05	0.707443	0.00141563	21.6749	
17.600000	 4.61877e-05	0.707476	0.00141513	21.6759	
17.700000	 4.61725e-05	0.707475	0.00141466	21.6759	
17.800000	 4.61585e-05	0.70745	0.00141423	21.6751	
17.900000	 4.6146e-05	0.707418	0.00141385	21.6741	
18.000000	 4.61354e-05	0.707395	0.00141352	21.6734	
18.100000	 4.61267e-05	0.707393	0.00141326	21.6734	
18.200000	 4.61199e-05	0.707414	0.00141305	21.674	
18.300000	 4.61144e-05	0.70745	0.00141288	21.6751	
18.400000	 4.61097e-05	0.707488	0.00141274	21.6763	
18.500000	 4.61055e-05	0.707516	0.00141261	21.6771	
18.600000	 4.61012e-05	0.707525	0.00141248	21.6774	
18.700000	 4.6097e-05	0.707515	0.00141235	21.6771	
18.800000	 4.60929e-05	0.707493	0.00141222	21.6764	
18.900000	 4.60893e-05	0.70747	0.00141211	21.6757	
19.000000	 4.60865e-05	0.707458	0.00141203	21.6754	
19.100000	 4.60845e-05	0.70746	0.00141196	21.6754	
19.200000	 4.60831e-05	0.707475	0.00141192	21.6759	
19.300000	 4.6082e-05	0.707495	0.00141189	21.6765	
19.400000	 4.60812e-05	0.707513	0.00141186	21.6771	
19.500000	 4.60802e-05	0.707525	0.00141183	21.6774	
19.600000	 4.6079e-05	0.707526	0.0014118	21.6774	
19.700000	 4.60774e-05	0.707513	0.00141175	21.6771	
19.800000	 4.60757e-05	0.707495	0.0014117	21.6765	
19.900000	 4.60742e-05	0.707479	0.00141165	21.676	
20.000000	 4.6073e-05	0.707468	0.00141161	21.6757	

