DENSITY
HSRHOBAR
 0.000000	    0.00000000000000000	   0.00000000000000000	   0.00000000000000000	   0.00000000000000000	   0.00000000000000000	   0.00000000000000000	   0.00000000000000000	
 0.025000	    0.00000000000000000	   0.00000000000000000	   0.00000000000000000	   0.00000000000000000	   0.00000000000000000	   0.00000000000000000	   0.00000000000000000	
 0.050000	    0.00000000000000000	   0.00000000000000000	   0.00000000000000000	   0.00000000000000000	   0.00000000000000000	   0.00000000000000000	   0.00000000000000000	
 0.075000	    0.00000000000000000	   0.00000000000000000	   0.00000000000000000	   0.00000000000000000	   0.00000000000000000	   0.00000000000000000	   0.00000000000000000	
 0.100000	    0.00000000000000000	   0.00000000000000000	   0.00000000000000000	   0.00000000000000000	   0.00000000000000000	   0.00000000000000000	   0.00000000000000000	
 0.125000	    0.00000000000000000	   0.00000000000000000	   0.00000000000000000	   0.00000000000000000	   0.00000000000000000	   0.00000000000000000	   0.00000000000000000	
 0.150000	    0.00000000000000000	   0.00000000000000000	   0.00000000000000000	   0.00000000000000000	   0.00000000000000000	   0.00000000000000000	   0.00000000000000000	
 0.175000	    0.00000000000000000	   0.00000000000000000	   0.00000000000000000	   0.00000000000000000	   0.00000000000000000	   0.00000000000000000	   0.00000000000000000	
 0.200000	    0.00000000000000000	   0.00000000000000000	   0.00000000000000000	   0.00000000000000000	   0.00000000000000000	   0.00000000000000000	   0.00000000000000000	
 0.225000	    0.00000000000000000	   0.00000000000000000	   0.00000000000000000	   0.00000000000000000	   0.00000000000000000	   0.00000000000000000	   0.00000000000000000	
 0.250000	    0.00000000000000000	   0.00000000000000000	   0.00000000000000000	   0.00000000000000000	   0.00000000000000000	   0.00000000000000000	   0.00000000000000000	
 0.275000	    0.00000000000000000	   0.00000000000000000	   0.00000000000000000	   0.00000000000000000	   0.00000000000000000	   0.00000000000000000	   0.00000000000000000	
 0.300000	    0.00000000000000000	   0.00000000000000000	   0.00000000000000000	   0.00000000000000000	   0.00000000000000000	   0.00000000000000000	   0.00000000000000000	
 0.325000	    0.00000000000000000	   0.00000000000000000	   0.00000000000000000	   0.00000000000000000	   0.00000000000000000	   0.00000000000000000	   0.00000000000000000	
 0.350000	    0.00000000000000000	   0.00000000000000000	   0.00000000000000000	   0.00000000000000000	   0.00000000000000000	   0.00000000000000000	   0.00000000000000000	
 0.375000	    0.00000000000000000	   0.00000000000000000	   0.00000000000000000	   0.00000000000000000	   0.00000000000000000	   0.00000000000000000	   0.00000000000000000	
 0.400000	    0.00000000000000000	   0.00000000000000000	   0.00000000000000000	   0.00000000000000000	   0.00000000000000000	   0.00000000000000000	   0.00000000000000000	
 0.425000	    0.00000000000000000	   0.00000000000000000	   0.00000000000000000	   0.00000000000000000	   0.00000000000000000	   0.00000000000000000	   0.00000000000000000	
 0.450000	    0.00000000000000000	   0.00000000000000000	   0.00000000000000000	   0.00000000000000000	   0.00000000000000000	   0.00000000000000000	   0.00000000000000000	
 0.475000	    0.00000000000000000	   0.00000000000000000	   0.00000000000000000	   0.00000000000000000	   0.00000000000000000	   0.00000000000000000	   0.00000000000000000	
 0.500000	    0.00000000000000000	   0.00000000000000000	   0.00000000000000000	   0.00000000000000000	   0.00000000000000000	   0.00000000000000000	   0.00000000000000000	
 0.525000	    0.00000000000000000	   0.00000000000000000	   0.00000000000000000	   0.00000000000000000	   0.00000000000000000	   0.00000000000000000	   0.00000000000000000	
 0.550000	    0.00000000000000000	   0.00000000000000000	   0.00000000000000000	   0.00000000000000000	   0.00000000000000000	   0.00000000000000000	   0.00000000000000000	
 0.575000	    0.00000000000000000	   0.00000000000000000	   0.00000000000000000	   0.00000000000000000	   0.00000000000000000	   0.00000000000000000	   0.00000000000000000	
 0.600000	    0.00000000000000000	   0.00000000000000000	   0.00000000000000000	   0.00000000000000000	   0.00000000000000000	   0.00000000000000000	   0.00000000000000000	
 0.625000	    0.00000000000000000	   0.00000000000000000	   0.00000000000000000	   0.00000000000000000	   0.00000000000000000	   0.00000000000000000	   0.00000000000000000	
 0.650000	    0.00000000000000000	   0.00000000000000000	   0.00000000000000000	   0.00000000000000000	   0.00000000000000000	   0.00000000000000000	   0.00000000000000000	
 0.675000	    0.00000000000000000	   0.00000000000000000	   0.00000000000000000	   0.00000000000000000	   0.00000000000000000	   0.00000000000000000	   0.00000000000000000	
 0.700000	    0.00000000000000000	   0.00000007194780834	   0.00000874302481084	   0.00000139149561622	   0.00000278299123244	   0.00000874302481084	   0.00000139149561622	
 0.725000	    0.00000000000000000	   0.00000543642923716	   0.00062654264601278	   0.00009971735917081	   0.00019943471834162	   0.00062566834353170	   0.00009957820960919	
 0.750000	    0.00000000000000000	   0.00010140183262469	   0.00986447350444090	   0.00156997971923080	   0.00313995943846170	   0.00980181923984026	   0.00156000798331382	
 0.775000	    0.00000000000000000	   0.00082891952316857	   0.06116046536893059	   0.00973399038526599	   0.01946798077053559	   0.06017314371602876	   0.00957685326378489	
 0.800000	    0.00000000000000000	   0.00383797322456154	   0.20869156829490895	   0.03321429467573476	   0.06642858935150547	   0.20251286749365699	   0.03223092390132610	
 0.825000	    0.00000000000000000	   0.01177315346851157	   0.47536063967811987	   0.07565599555609995	   0.15131199111233601	   0.45350416119669562	   0.07217742896717040	
 0.850000	    0.00000000000000000	   0.02690132854804138	   0.82052607696960411	   0.13059078108552166	   0.26118156217129090	   0.76681131220226806	   0.12204181075569337	
 0.875000	    0.00000000000000000	   0.04987929740325508	   1.17379540041829800	   0.18681534015511939	   0.37363068031049446	   1.06988631424111102	   0.17027769545772969	
 0.900000	    0.00000000000000000	   0.07974202359091548	   1.48238988703225028	   0.23592967811063670	   0.47185935622143305	   1.31129558222250497	   0.20869917376519348	
 0.925000	    0.00000000000000000	   0.11467214807981989	   1.72605908471822134	   0.27471083540158464	   0.54942167080320947	   1.47391100983585122	   0.23458022289292188	
 0.950000	    0.00000000000000000	   0.15274275956954900	   1.90741085542546451	   0.30357386614809267	   0.60714773229613783	   1.56371064214185962	   0.24887227826230640	
 0.975000	    0.00000000000000000	   0.19231064927694660	   2.03847938378699389	   0.32443407032059263	   0.64886814064109077	   1.59559022336079748	   0.25394607119701579	
 1.000000	    0.00000000000000000	   0.23212096256929990	   2.13240846825248553	   0.33938334841335871	   0.67876669682660551	   1.58486031658975768	   0.25223835349547846	
 1.025000	    0.00000000000000000	   0.27126936444006450	   2.20012635643408005	   0.35016098505319743	   0.70032197010628305	   1.54399634918281659	   0.24573465108829240	
 1.050000	    0.00000000000000000	   0.30912198400441526	   2.24972861019583803	   0.35805542892788139	   0.71611085785566020	   1.48216782289022153	   0.23589433550470892	
 1.075000	    0.00000000000000000	   0.34523864936913301	   2.28688961012571701	   0.36396978575696920	   0.72793957151384958	   1.40578674185554942	   0.22373790889930970	
 1.100000	    0.00000000000000000	   0.37931307286757165	   2.31549003896409467	   0.36852168538116375	   0.73704337076225457	   1.31924029064664783	   0.20996361338232739	
 1.125000	    0.00000000000000000	   0.41113026964647392	   2.33816699013175766	   0.37213083425377808	   0.74426166850750031	   1.22551511796592871	   0.19504678885803159	
 1.150000	    0.00000000000000000	   0.44053753475927671	   2.35672274630433121	   0.37508407457148568	   0.75016814914293350	   1.12665629897442043	   0.17931291914729605	
 1.175000	    0.00000000000000000	   0.46742505424371489	   2.37240755379279555	   0.37758038921475900	   0.75516077842949825	   1.02408340699715805	   0.16298793636188330	
 1.200000	    0.00022263929859521	   0.49171305031868423	   2.38610915117888922	   0.37976106616705119	   0.75952213233410082	   0.91880194847017482	   0.14623187182139971	
 1.225000	    0.01550949887007986	   0.51334327490029852	   2.39847862996790306	   0.38172972985982978	   0.76345945971967566	   0.81154356805464356	   0.12916117039025810	
 1.250000	    0.21973247873891860	   0.53227339034525101	   2.41001453788669728	   0.38356572662818739	   0.76713145325640797	   0.70285947218120803	   0.11186355929655777	
 1.275000	    1.08650922782525416	   0.54847328644866111	   2.42112018733738221	   0.38533324563452803	   0.77066649126910514	   0.59318367163521601	   0.09440811350213878	
 1.300000	    2.67033945865204547	   0.56192272263871612	   2.43214397833843110	   0.38708773646396577	   0.77417547292799493	   0.48287689389876770	   0.07685224456888172	
 1.325000	    4.12033268222177451	   0.57260990329888595	   2.44340892780550201	   0.38888060885533271	   0.77776121771074092	   0.37225801426895183	   0.05924670307654334	
 1.350000	    4.66923300251115059	   0.58053072928657068	   2.45523508007219382	   0.39076279944633330	   0.78152559889275153	   0.26162710285144003	   0.04163924666571119	
 1.375000	    4.32669644864269465	   0.58568854809162774	   2.46795691104462023	   0.39278754173077468	   0.78557508346164029	   0.15128248950040646	   0.02407735600734629	
 1.400000	    3.53159762424130541	   0.58809427369398226	   2.48193711286320839	   0.39501255995563084	   0.79002511991135504	   0.04153344453772495	   0.00661025300192528	
 1.425000	    2.67338754229836306	   0.58776678188420239	   2.49757779001209013	   0.39750185103719532	   0.79500370207448301	  -0.06729034281846923	  -0.01070959068180184	
 1.450000	    1.94469737712558843	   0.58473351077087965	   2.51532965504429251	   0.40032714810619763	   0.80065429621248319	  -0.17483179228214690	  -0.02782534395123266	
 1.475000	    1.39293529045737263	   0.57903120600293057	   2.53569919040088765	   0.40356906034671919	   0.80713812069351720	  -0.28070190793360528	  -0.04467509618290319	
 1.500000	    0.99894920437100632	   0.57070674230580254	   2.55925292408256233	   0.40731775349045790	   0.81463550698097942	  -0.38447844228336192	  -0.06119164460165196	
 1.525000	    0.72547265799242378	   0.55981792279563480	   2.58661693294641815	   0.41167287076396397	   0.82334574152796836	  -0.48570945779582564	  -0.07730306111471651	
 1.550000	    0.53763836194933590	   0.54643411539456910	   2.61847014127762145	   0.41674246632319750	   0.83348493264640411	  -0.58392291838274801	  -0.09293421884532761	
 1.575000	    0.40865873069956143	   0.53063659322544110	   2.65553328028290148	   0.42264124810234421	   0.84528249620465878	  -0.67864012458739376	  -0.10800893040868229	
 1.600000	    0.31964520916836220	   0.51251853076760256	   2.69855705442650695	   0.42948869442768750	   0.85897738885529862	  -0.76938933326308190	  -0.12245211555110709	
 1.625000	    0.25781861044821086	   0.49218466874736266	   2.74831021213164917	   0.43740715541078029	   0.87481431082142835	  -0.85571889818298164	  -0.13619189254306197	
 1.650000	    0.21469984038439152	   0.46975064351388673	   2.80556626756696392	   0.44651973965512948	   0.89303947931006233	  -0.93721114133826200	  -0.14916178586480630	
 1.675000	    0.18471050253949167	   0.44534196551922389	   2.87108956994420828	   0.45694809711606738	   0.91389619423186996	  -1.01349616713027380	  -0.16130292480337044	
 1.700000	    0.16419780982788082	   0.41909274858560236	   2.94561404582429320	   0.46880903583367634	   0.93761807166702915	  -1.08425483402929634	  -0.17256451640673556	
 1.725000	    0.15078838101751879	   0.39114930631365746	   3.02924750253951158	   0.48211971387794211	   0.96423942775588423	  -1.14864655382229675	  -0.18281277690628933	
 1.750000	    0.14297110192052187	   0.36174581061731959	   3.11460464412318760	   0.49570472488917888	   0.99140944977835777	  -1.19847752502031901	  -0.19074362229152447	
 1.775000	    0.13983193909466324	   0.33159852265985718	   3.16855691615381740	   0.50429149567389220	   1.00858299134778440	  -1.19972975917463609	  -0.19094292154709261	
 1.800000	    0.14088659361585951	   0.30262674191456035	   3.13629446724859706	   0.49915676745437670	   0.99831353490875330	  -1.09598920392928822	  -0.17443209938069756	
 1.825000	    0.14597298900306313	   0.27793002195362321	   2.99253754307460129	   0.47627714236839847	   0.95255428473679693	  -0.86097823035892174	  -0.13702894125613491	
 1.850000	    0.15517750555690041	   0.26042143810879897	   2.77365774997072645	   0.44144134135298552	   0.88288268270597103	  -0.53421065816191915	  -0.08502226689884423	
 1.875000	    0.16878125995337798	   0.25146869597467525	   2.54487739889154962	   0.40502981759643536	   0.81005963519287072	  -0.18913462805507311	  -0.03010171096481203	
 1.900000	    0.18722165602367716	   0.25071876768980605	   2.35437785352400564	   0.37471087329443198	   0.74942174658886396	   0.11574932562914383	   0.01842207733343158	
 1.925000	    0.21106491702807254	   0.25677222556606694	   2.21932736326019420	   0.35321692020196244	   0.70643384040392487	   0.35440491956005132	   0.05640529480406764	
 1.950000	    0.24098261401597978	   0.26791813897816374	   2.13567515138075414	   0.33990325718077891	   0.67980651436155781	   0.52515582394364180	   0.08358114527412766	
 1.975000	    0.27772334447346342	   0.28256991793650965	   2.09122629893746614	   0.33282900259966736	   0.66565800519933471	   0.63757693823364836	   0.10147352132128123	
 2.000000	    0.32206755853215974	   0.29942478625735675	   2.07349783683139499	   0.33000743022206874	   0.66001486044413749	   0.70385110515173843	   0.11202138258559254	
 2.025000	    0.37475120523663746	   0.31747283445717955	   2.07266110980667229	   0.32987426098006545	   0.65974852196013090	   0.73495591071168376	   0.11697186614437008	
 2.050000	    0.43638408424837960	   0.33595020861538305	   2.08189223543506507	   0.33134344025412643	   0.66268688050825286	   0.73961967665993955	   0.11771412754845874	
 2.075000	    0.50742100042182792	   0.35428314036980285	   2.09679441834486147	   0.33371519632708008	   0.66743039265416015	   0.72442650308877921	   0.11529605887335530	
 2.100000	    0.58817041163712191	   0.37203973349474173	   2.11467863414205404	   0.33656155767452545	   0.67312311534905089	   0.69424949106866063	   0.11049323824260994	
 2.125000	    0.67878334565657339	   0.38889296558639308	   2.13397214508268629	   0.33963221531032467	   0.67926443062064934	   0.65269112642467109	   0.10387901908270364	
 2.150000	    0.77923013343137781	   0.40459365865593677	   2.15379980950264382	   0.34278788611272798	   0.68557577222545596	   0.60243886660204771	   0.09588112353039482	
 2.175000	    0.88930706030528084	   0.41895113619417340	   2.17370901717424925	   0.34595653492670719	   0.69191306985341439	   0.54552914488893922	   0.08682366000976949	
 2.200000	    1.00866577379801692	   0.43181948809233800	   2.19349623286678641	   0.34910576811419985	   0.69821153622839971	   0.48353719799894540	   0.07695733523033667	
 2.225000	    1.13677485146944868	   0.44308784997196465	   2.21309989999422596	   0.35222578864026005	   0.70445157728052010	   0.41771255677353447	   0.06648101820206201	
 2.250000	    1.27206888793743467	   0.45267355557838024	   2.23253463376216876	   0.35531892258710318	   0.71063784517420636	   0.34907638231147142	   0.05555723176150696	
 2.275000	    1.40805614418085812	   0.46051736812853744	   2.25185017062959680	   0.35839308575802797	   0.71678617151605595	   0.27849247877235445	   0.04432345461053496	
 2.300000	    1.52723602717395845	   0.46658024412795029	   2.27110461008460440	   0.36145752497375605	   0.72291504994751210	   0.20672022247484784	   0.03290054524392839	
 2.325000	    1.60269609994335083	   0.47084125257128484	   2.29034558177601122	   0.36451982072833478	   0.72903964145666955	   0.13445490984674205	   0.02139916352508416	
 2.350000	    1.61314142232350077	   0.47329638246707523	   2.30959571580964207	   0.36758357471496855	   0.73516714942993711	   0.06235897348983361	   0.00992473887704348	
 2.375000	    1.55694422778231067	   0.47395803915809404	   2.32884046049362636	   0.37064647095996622	   0.74129294191993245	  -0.00891381653841625	  -0.00141867796390325	
 2.400000	    1.45031875678113598	   0.47285507381555236	   2.34801707057030917	   0.37369852324541619	   0.74739704649083238	  -0.07869965221678168	  -0.01252543866991383	
 2.425000	    1.31563391496341087	   0.47003322473725617	   2.36700396905193777	   0.37672038199275143	   0.75344076398550286	  -0.14631025710181311	  -0.02328600064279961	
 2.450000	    1.17226492107119240	   0.46555587511438340	   2.38561012579103826	   0.37968164380972186	   0.75936328761944372	  -0.21102190953814029	  -0.03358518000368584	
 2.475000	    1.03348701353390937	   0.45950504469449727	   2.40356470431693392	   0.38253920373324962	   0.76507840746649924	  -0.27206773363679443	  -0.04330092466410495	
 2.500000	    0.90694590087870364	   0.45198252725787996	   2.42050805497946664	   0.38523582174373117	   0.77047164348746233	  -0.32863391270300218	  -0.05230371167431321	
 2.525000	    0.79616888276420728	   0.44311351348822137	   2.43628480496863764	   0.38774676949043274	   0.77549353898086548	  -0.37956295339023643	  -0.06040932024661479	
 2.550000	    0.70201082102731138	   0.43305496212107025	   2.45067139725677885	   0.39003646676733822	   0.78007293353467644	  -0.42366461653122556	  -0.06742831793407690	
 2.575000	    0.62376724329417421	   0.42198938059456442	   2.46308153255317253	   0.39201160114419853	   0.78402320228839706	  -0.46000067085802465	  -0.07321138059264257	
 2.600000	    0.55995451216501124	   0.41012284202751814	   2.47284197064466138	   0.39356502311320141	   0.78713004622640281	  -0.48762837010163296	  -0.07760846549351909	
 2.625000	    0.50881452917943415	   0.39768488425549203	   2.47919495808601020	   0.39457613246789275	   0.78915226493578550	  -0.50561757869434554	  -0.08047153696336048	
 2.650000	    0.46861125003772081	   0.38492797370794596	   2.48130289482167532	   0.39491162101909877	   0.78982324203819754	  -0.51306851545598486	  -0.08165739037964047	
 2.675000	    0.43778290312282603	   0.37212652510913674	   2.47825506531330531	   0.39442654388714038	   0.78885308777428076	  -0.50912904532866776	  -0.08103040423571514	
 2.700000	    0.41500271924337873	   0.35957552141078125	   2.46907489349209541	   0.39296547416336192	   0.78593094832672383	  -0.49300898075648630	  -0.07846481627609191	
 2.725000	    0.39918675577165119	   0.34758880742390341	   2.45272997526727199	   0.39036409963344848	   0.78072819926689696	  -0.46399267423927792	  -0.07384672766360868	
 2.750000	    0.38947415866128676	   0.33649678852546050	   2.42817996997502616	   0.38645684493825538	   0.77291368987651077	  -0.42148424423978764	  -0.06708130090611387	
 2.775000	    0.38519498970187638	   0.32664114327123661	   2.39461477561891201	   0.38111477834063967	   0.76222955668127934	  -0.36523919821085615	  -0.05812962380617832	
 2.800000	    0.38583381752513296	   0.31835899734502893	   2.35209129430629371	   0.37434695609226071	   0.74869391218452142	  -0.29600056163858940	  -0.04710995254275877	
 2.825000	    0.39099308582638714	   0.31194730236656465	   2.30235820442216310	   0.36643168900196776	   0.73286337800393553	  -0.21634329637687594	  -0.03443210502317470	
 2.850000	    0.40035804659498453	   0.30761184378245743	   2.24904328404672826	   0.35794635588366641	   0.71589271176733282	  -0.13088880954341237	  -0.02083160103424769	
 2.875000	    0.41366411811491399	   0.30542584920519894	   2.19671043721635195	   0.34961732462454098	   0.69923464924908196	  -0.04534615886949041	  -0.00721706533430982	
 2.900000	    0.43066716353414458	   0.30532217026320513	   2.14943591530463918	   0.34209335077998593	   0.68418670155997185	   0.03500060522636082	   0.00557051933298338	
 2.925000	    0.45111680909123592	   0.30711889981058665	   2.10990077944848498	   0.33580113848266929	   0.67160227696533858	   0.10632788916834802	   0.01692260914966982	
 2.950000	    0.47473261266808808	   0.31056017731919028	   2.07928064337247864	   0.33092779246802634	   0.66185558493605268	   0.16649178784661720	   0.02649799101999632	
 2.975000	    0.50118293358579324	   0.31535502653127490	   2.05759781324757363	   0.32747686287342570	   0.65495372574685140	   0.21473532811913248	   0.03417618892662004	
 3.000000	    0.53006685109687490	   0.32120652520249104	   2.04416464521905672	   0.32533890778030328	   0.65067781556060655	   0.25125660492092172	   0.03998873065765211	
 3.025000	    0.56850355214416248	   0.32783064352663310	   2.03794342680325968	   0.32434877011737495	   0.64869754023474990	   0.27682804418329454	   0.04405855161823291	
 3.050000	    0.60898330164572378	   0.33496683283658329	   2.03778925059559546	   0.32432423221181800	   0.64864846442363600	   0.29251594870967251	   0.04655535917035967	
 3.075000	    0.65084328332213293	   0.34238282737741499	   2.04259432702951704	   0.32508898387821089	   0.65017796775642178	   0.29949314380878339	   0.04766581425929974	
 3.100000	    0.69329564377727948	   0.34987572933845312	   2.05136125531486302	   0.32648428385055583	   0.65296856770111167	   0.29892417567618529	   0.04757526016853495	
 3.125000	    0.73543561026701743	   0.35727092351665823	   2.06322960349242335	   0.32837319012935046	   0.65674638025870091	   0.29190250822812641	   0.04645772708542895	
 3.150000	    0.77625603701389745	   0.36441989335075536	   2.07747470593824879	   0.33064036859845386	   0.66128073719690772	   0.27942243135257372	   0.04447146116051785	
 3.175000	    0.81466881560941562	   0.37119762907672876	   2.09349212422126563	   0.33318961989376655	   0.66637923978753311	   0.26237242986923859	   0.04175786914472098	
 3.200000	    0.84953286268933503	   0.37750003812700289	   2.11077648116389804	   0.33594051073935116	   0.67188102147870232	   0.24154065063456062	   0.03844238850612285	
 3.225000	    0.87968783779197912	   0.38324157648537616	   2.12889973800270971	   0.33882491665017217	   0.67764983330034434	   0.21762631352554257	   0.03463630354445678	
 3.250000	    0.90399515038401079	   0.38835319749085917	   2.14749148673681756	   0.34178388536192789	   0.68356777072385577	   0.19125325761454107	   0.03043890133178186	
 3.275000	    0.92139922611576630	   0.39278064078197156	   2.16622230718075270	   0.34476498802374694	   0.68952997604749389	   0.16298339004031234	   0.02593961216679008	
 3.300000	    0.93104138549840521	   0.39648304167615700	   2.18479040189535612	   0.34772019208137445	   0.69544038416274889	   0.13332877560377557	   0.02121993369373097	
 3.325000	    0.93244800717204013	   0.39943181772442987	   2.20291135790571779	   0.35060423180397449	   0.70120846360794897	   0.10276170380500511	   0.01635503312111176	
 3.350000	    0.92573621616660307	   0.40160977889686489	   2.22031092716067846	   0.35337345925857128	   0.70674691851714255	   0.07172257999615153	   0.01141500313769141	
 3.375000	    0.91170443247913890	   0.40301040951052164	   2.23672091358432912	   0.35598518971396614	   0.71197037942793229	   0.04062589068096872	   0.00646581131938715	
 3.400000	    0.89172273695549231	   0.40363727798992882	   2.25187822167619922	   0.35839755022075409	   0.71679510044150818	   0.00986455825665466	   0.00156999320796458	
 3.425000	    0.86747596721839548	   0.40350353594725430	   2.26552683957120582	   0.36056979522511690	   0.72113959045023379	  -0.02018723044782800	  -0.00321289751310707	
 3.450000	    0.84068750647334267	   0.40263146725675630	   2.27742231339023160	   0.36246301868383507	   0.72492603736767014	  -0.04917283918186931	  -0.00782610042165731	
 3.475000	    0.81291569299567312	   0.40105204445477943	   2.28733827058818751	   0.36404119228737725	   0.72808238457475449	  -0.07675375946075251	  -0.01221574021906509	
 3.500000	    0.78544440651733838	   0.39880444798423709	   2.29507460948612740	   0.36527246886441855	   0.73054493772883711	  -0.10261197368953318	  -0.01633120283310468	
 3.525000	    0.75924835105703958	   0.39593801482024449	   2.30016727387534026	   0.36608299157546992	   0.73216598315093984	  -0.12615653072600347	  -0.02007843546836802	
 3.550000	    0.73500528784536812	   0.39251952273322888	   2.30216754433667337	   0.36640134450691170	   0.73280268901382339	  -0.14677464728056924	  -0.02335991063527201	
 3.575000	    0.71313304309899606	   0.38862599891587879	   2.30094776562566183	   0.36620721069557599	   0.73241442139115198	  -0.16416664356692420	  -0.02612793281448132	
 3.600000	    0.69383670793539054	   0.38434135194678226	   2.29643974691658270	   0.36548973723447531	   0.73097947446895062	  -0.17808224819043275	  -0.02834267007642511	
 3.625000	    0.67715733801616829	   0.37975501716498306	   2.28864772175801123	   0.36424959791379219	   0.72849919582758438	  -0.18832994736525135	  -0.02997364205541624	
 3.650000	    0.66301699625754829	   0.37496036930324578	   2.27766029166816919	   0.36250089410311720	   0.72500178820623440	  -0.19478620098338598	  -0.03100118673259730	
 3.675000	    0.65125736415302049	   0.37005291121680978	   2.26366067435574836	   0.36027278580645067	   0.72054557161290134	  -0.19740409385919042	  -0.03141783732426661	
 3.700000	    0.64167079350671929	   0.36512825820122025	   2.24693450444166354	   0.35761073318562908	   0.71522146637125816	  -0.19622101574421644	  -0.03122954459420465	
 3.725000	    0.63402362723965022	   0.36027994733845065	   2.22787449149904448	   0.35457723791041573	   0.70915447582083146	  -0.19136495676749424	  -0.03045667880411355	
 3.750000	    0.62807228107420943	   0.35559711422319346	   2.20698143111139222	   0.35125200407340329	   0.70250400814680658	  -0.18305872769803594	  -0.02913470138925566	
 3.775000	    0.62357329318001020	   0.35116210576732187	   2.18486075199349195	   0.34773138864723985	   0.69546277729447969	  -0.17162056600662162	  -0.02731426141618273	
 3.800000	    0.62028816326740299	   0.34704815688639451	   2.16221198204077991	   0.34412672495431451	   0.68825344990862902	  -0.15745776747363990	  -0.02506018202164409	
 3.825000	    0.61798509570011473	   0.34331737046518462	   2.13980609473661110	   0.34056071723549614	   0.68112143447099227	  -0.14104796139971928	  -0.02244848026980017	
 3.850000	    0.61644242945673622	   0.34001937001840588	   2.11844680436672839	   0.33716128059219419	   0.67432256118438838	  -0.12290399234352502	  -0.01956077790720049	
 3.875000	    0.61545660811634395	   0.33719101352658187	   2.09891920186535907	   0.33405336612736752	   0.66810673225473505	  -0.10352583600139809	  -0.01647664853734337	
 3.900000	    0.61485235461878540	   0.33485734940680090	   2.08193759281655932	   0.33135065910559702	   0.66270131821119405	  -0.08335203433091030	  -0.01326588828052971	
 3.925000	    0.61449081870464051	   0.33303363455911977	   2.06810559417199258	   0.32914922814847392	   0.65829845629694783	  -0.06272522117598421	  -0.00998302900669033	
 3.950000	    0.61427435644959449	   0.33172794028077790	   2.05789443069443800	   0.32752407100630171	   0.65504814201260342	  -0.04187976723728631	  -0.00666537197135212	
 3.975000	    0.61414896637103988	   0.33094378575291794	   2.05163678808407335	   0.32652813625275956	   0.65305627250551912	  -0.02095093324622706	  -0.00333444458852537	
 4.000000	    0.61410507063823183	   0.33068232727898378	   2.04952927649441730	   0.32619271536564237	   0.65238543073128474	  -0.00000000000007522	  -0.00000000000001199	
 4.025000	    0.61414896637101835	   0.33094378575291422	   2.05163678808406580	   0.32652813625275839	   0.65305627250551679	   0.02095093324607762	   0.00333444458850156	
 4.050000	    0.61427435644955541	   0.33172794028077046	   2.05789443069442646	   0.32752407100629966	   0.65504814201259931	   0.04187976723714216	   0.00666537197132923	
 4.075000	    0.61449081870458666	   0.33303363455910889	   2.06810559417197481	   0.32914922814847103	   0.65829845629694206	   0.06272522117584951	   0.00998302900666892	
 4.100000	    0.61485235461872223	   0.33485734940678680	   2.08193759281653668	   0.33135065910559347	   0.66270131821118694	   0.08335203433078828	   0.01326588828051031	
 4.125000	    0.61545660811627456	   0.33719101352656500	   2.09891920186533465	   0.33405336612736358	   0.66810673225472716	   0.10352583600129167	   0.01647664853732646	
 4.150000	    0.61644242945664618	   0.34001937001838650	   2.11844680436670307	   0.33716128059219019	   0.67432256118438039	   0.12290399234343757	   0.01956077790718653	
 4.175000	    0.61798509570002036	   0.34331737046516331	   2.13980609473658756	   0.34056071723549231	   0.68112143447098461	   0.14104796139965342	   0.02244848026978973	
 4.200000	    0.62028816326728009	   0.34704815688637186	   2.16221198204075993	   0.34412672495431129	   0.68825344990862258	   0.15745776747359738	   0.02506018202163734	
 4.225000	    0.62357329317990673	   0.35116210576729850	   2.18486075199347640	   0.34773138864723740	   0.69546277729447481	   0.17162056600660464	   0.02731426141618006	
 4.250000	    0.62807228107409374	   0.35559711422316986	   2.20698143111138334	   0.35125200407340196	   0.70250400814680392	   0.18305872769804490	   0.02913470138925709	
 4.275000	    0.63402362723952765	   0.36027994733842766	   2.22787449149904404	   0.35457723791041562	   0.70915447582083124	   0.19136495676752863	   0.03045667880411899	
 4.300000	    0.64167079350659750	   0.36512825820119837	   2.24693450444167109	   0.35761073318563014	   0.71522146637126027	   0.19622101574427589	   0.03122954459421411	
 4.325000	    0.65125736415290136	   0.37005291121678974	   2.26366067435576301	   0.36027278580645283	   0.72054557161290567	   0.19740409385927388	   0.03141783732427993	
 4.350000	    0.66301699625742394	   0.37496036930322818	   2.27766029166819006	   0.36250089410312053	   0.72500178820624106	   0.19478620098349012	   0.03100118673261388	
 4.375000	    0.67715733801605882	   0.37975501716496834	   2.28864772175803788	   0.36424959791379635	   0.72849919582759270	   0.18832994736537240	   0.02997364205543552	
 4.400000	    0.69383670793528718	   0.38434135194677055	   2.29643974691661246	   0.36548973723447997	   0.73097947446895994	   0.17808224819056653	   0.02834267007644635	
 4.425000	    0.71313304309889247	   0.38862599891587041	   2.30094776562569248	   0.36620721069558076	   0.73241442139116153	   0.16416664356706603	   0.02612793281450385	
 4.450000	    0.73500528784529595	   0.39251952273322410	   2.30216754433670179	   0.36640134450691619	   0.73280268901383239	   0.14677464728071507	   0.02335991063529519	
 4.475000	    0.75924835105698274	   0.39593801482024366	   2.30016727387536601	   0.36608299157547392	   0.73216598315094783	   0.12615653072614949	   0.02007843546839122	
 4.500000	    0.78544440651728331	   0.39880444798423970	   2.29507460948614872	   0.36527246886442194	   0.73054493772884388	   0.10261197368967584	   0.01633120283312741	
 4.525000	    0.81291569299565292	   0.40105204445478543	   2.28733827058820438	   0.36404119228738002	   0.72808238457476004	   0.07675375946088853	   0.01221574021908672	
 4.550000	    0.84068750647335566	   0.40263146725676585	   2.27742231339024537	   0.36246301868383723	   0.72492603736767447	   0.04917283918199584	   0.00782610042167745	
 4.575000	    0.86747596721842568	   0.40350353594726657	   2.26552683957121559	   0.36056979522511839	   0.72113959045023679	   0.02018723044794288	   0.00321289751312535	
 4.600000	    0.89172273695554949	   0.40363727798994398	   2.25187822167620633	   0.35839755022075515	   0.71679510044151029	  -0.00986455825655257	  -0.00156999320794833	
 4.625000	    0.91170443247923560	   0.40301040951053918	   2.23672091358433356	   0.35598518971396670	   0.71197037942793340	  -0.04062589068088027	  -0.00646581131937303	
 4.650000	    0.92573621616672364	   0.40160977889688454	   2.22031092716068068	   0.35337345925857150	   0.70674691851714300	  -0.07172257999607763	  -0.01141500313767963	
 4.675000	    0.93244800717219523	   0.39943181772445119	   2.20291135790571868	   0.35060423180397449	   0.70120846360794897	  -0.10276170380494731	  -0.01635503312110258	
 4.700000	    0.93104138549858217	   0.39648304167617943	   2.18479040189535612	   0.34772019208137434	   0.69544038416274867	  -0.13332877560373546	  -0.02121993369372459	
 4.725000	    0.92139922611596248	   0.39278064078199487	   2.16622230718075182	   0.34476498802374672	   0.68952997604749344	  -0.16298339004029061	  -0.02593961216678662	
 4.750000	    0.90399515038422262	   0.38835319749088271	   2.14749148673681534	   0.34178388536192744	   0.68356777072385488	  -0.19125325761453763	  -0.03043890133178137	
 4.775000	    0.87968783779218229	   0.38324157648539958	   2.12889973800270615	   0.33882491665017150	   0.67764983330034301	  -0.21762631352555911	  -0.03463630354445934	
 4.800000	    0.84953286268955230	   0.37750003812702582	   2.11077648116389316	   0.33594051073935044	   0.67188102147870088	  -0.24154065063459729	  -0.03844238850612871	
 4.825000	    0.81466881560960724	   0.37119762907675041	   2.09349212422125897	   0.33318961989376539	   0.66637923978753077	  -0.26237242986929671	  -0.04175786914473020	
 4.850000	    0.77625603701407053	   0.36441989335077540	   2.07747470593823813	   0.33064036859845219	   0.66128073719690439	  -0.27942243135265388	  -0.04447146116053067	
 4.875000	    0.73543561026714488	   0.35727092351667594	   2.06322960349240869	   0.32837319012934801	   0.65674638025869603	  -0.29190250822822861	  -0.04645772708544527	
 4.900000	    0.69329564377736941	   0.34987572933846794	   2.05136125531484259	   0.32648428385055261	   0.65296856770110523	  -0.29892417567630908	  -0.04757526016855471	
 4.925000	    0.65084328332217622	   0.34238282737742637	   2.04259432702948907	   0.32508898387820645	   0.65017796775641290	  -0.29949314380892922	  -0.04766581425932296	
 4.950000	    0.60898330164572634	   0.33496683283659051	   2.03778925059555860	   0.32432423221181195	   0.64864846442362389	  -0.29251594870984005	  -0.04655535917038637	
 4.975000	    0.56850355214414128	   0.32783064352663616	   2.03794342680321128	   0.32434877011736724	   0.64869754023473447	  -0.27682804418348106	  -0.04405855161826263	
 5.000000	    0.53006685109682394	   0.32120652520248927	   2.04416464521899632	   0.32533890778029367	   0.65067781556058735	  -0.25125660492112617	  -0.03998873065768468	
 5.025000	    0.50118293358571919	   0.31535502653126779	   2.05759781324750080	   0.32747686287341432	   0.65495372574682864	  -0.21473532811935234	  -0.03417618892665502	
 5.050000	    0.47473261266799938	   0.31056017731917734	   2.07928064337239338	   0.33092779246801290	   0.66185558493602581	  -0.16649178784684607	  -0.02649799102003267	
 5.075000	    0.45111680909113649	   0.30711889981056811	   2.10990077944838950	   0.33580113848265414	   0.67160227696530828	  -0.10632788916857941	  -0.01692260914970666	
 5.100000	    0.43066716353404466	   0.30532217026318081	   2.14943591530453659	   0.34209335077996955	   0.68418670155993910	  -0.03500060522658780	  -0.00557051933301946	
 5.125000	    0.41366411811481130	   0.30542584920516919	   2.19671043721624581	   0.34961732462452416	   0.69923464924904832	   0.04534615886927795	   0.00721706533427596	
 5.150000	    0.40035804659487284	   0.30761184378242262	   2.24904328404662524	   0.35794635588365004	   0.71589271176730007	   0.13088880954322546	   0.02083160103421792	
 5.175000	    0.39099308582627279	   0.31194730236652551	   2.30235820442206940	   0.36643168900195267	   0.73286337800390533	   0.21634329637672378	   0.03443210502315053	
 5.200000	    0.38583381752501533	   0.31835899734498629	   2.35209129430621422	   0.37434695609224788	   0.74869391218449577	   0.29600056163848282	   0.04710995254274174	
 5.225000	    0.38519498970175331	   0.32664114327119215	   2.39461477561885072	   0.38111477834062985	   0.76222955668125969	   0.36523919821080125	   0.05812962380616953	
 5.250000	    0.38947415866115931	   0.33649678852541531	   2.42817996997498620	   0.38645684493824900	   0.77291368987649800	   0.42148424423978831	   0.06708130090611401	
 5.275000	    0.39918675577151619	   0.34758880742385895	   2.45272997526725645	   0.39036409963344604	   0.78072819926689208	   0.46399267423933782	   0.07384672766361808	
 5.300000	    0.41500271924323123	   0.35957552141073901	   2.46907489349211451	   0.39296547416336503	   0.78593094832673005	   0.49300898075661392	   0.07846481627611224	
 5.325000	    0.43778290312266632	   0.37212652510909888	   2.47825506531337814	   0.39442654388715198	   0.78885308777430396	   0.50912904532887893	   0.08103040423574878	
 5.350000	    0.46861125003754617	   0.38492797370791454	   2.48130289482180943	   0.39491162101912031	   0.78982324203824061	   0.51306851545628074	   0.08165739037968760	
 5.375000	    0.50881452917925962	   0.39768488425546883	   2.47919495808619450	   0.39457613246792222	   0.78915226493584445	   0.50561757869470725	   0.08047153696341809	
 5.400000	    0.55995451216482806	   0.41012284202750432	   2.47284197064487055	   0.39356502311323477	   0.78713004622646954	   0.48762837010202559	   0.07760846549358159	
 5.425000	    0.62376724329396982	   0.42198938059456048	   2.46308153255337636	   0.39201160114423106	   0.78402320228846212	   0.46000067085841112	   0.07321138059270413	
 5.450000	    0.70201082102710366	   0.43305496212107547	   2.45067139725695249	   0.39003646676736603	   0.78007293353473206	   0.42366461653157694	   0.06742831793413280	
 5.475000	    0.79616888276400299	   0.44311351348823480	   2.43628480496876465	   0.38774676949045311	   0.77549353898090623	   0.37956295339053187	   0.06040932024666183	
 5.500000	    0.90694590087849303	   0.45198252725790000	   2.42050805497953681	   0.38523582174374255	   0.77047164348748509	   0.32863391270322978	   0.05230371167434946	
 5.525000	    1.03348701353373018	   0.45950504469452219	   2.40356470431694369	   0.38253920373325151	   0.76507840746650302	   0.27206773363695080	   0.04330092466412979	
 5.550000	    1.17226492107104741	   0.46555587511441116	   2.38561012579099829	   0.37968164380971581	   0.75936328761943162	   0.21102190953823435	   0.03358518000370076	
 5.575000	    1.31563391496332449	   0.47003322473728604	   2.36700396905186672	   0.37672038199274049	   0.75344076398548099	   0.14631025710186413	   0.02328600064280776	
 5.600000	    1.45031875678112776	   0.47285507381558306	   2.34801707057022746	   0.37369852324540354	   0.74739704649080707	   0.07869965221681029	   0.01252543866991841	
 5.625000	    1.55694422778239350	   0.47395803915812557	   2.32884046049354687	   0.37064647095995396	   0.74129294191990791	   0.00891381653843588	   0.00141867796390637	
 5.650000	    1.61314142232370705	   0.47329638246710681	   2.30959571580956968	   0.36758357471495751	   0.73516714942991501	  -0.06235897348981968	  -0.00992473887704127	
 5.675000	    1.60269609994364592	   0.47084125257131682	   2.29034558177594638	   0.36451982072832478	   0.72903964145664957	  -0.13445490984673583	  -0.02139916352508313	
 5.700000	    1.52723602717436790	   0.46658024412798227	   2.27110461008454356	   0.36145752497374678	   0.72291504994749356	  -0.20672022247485178	  -0.03290054524392897	
 5.725000	    1.40805614418129910	   0.46051736812856914	   2.25185017062953907	   0.35839308575801920	   0.71678617151603841	  -0.27849247877237143	  -0.04432345461053765	
 5.750000	    1.27206888793793915	   0.45267355557841132	   2.23253463376211281	   0.35531892258709452	   0.71063784517418904	  -0.34907638231150390	  -0.05555723176151211	
 5.775000	    1.13677485146998936	   0.44308784997199480	   2.21309989999416956	   0.35222578864025139	   0.70445157728050278	  -0.41771255677358515	  -0.06648101820207006	
 5.800000	    1.00866577379878519	   0.43181948809236659	   2.19349623286672779	   0.34910576811419097	   0.69821153622838195	  -0.48353719799901679	  -0.07695733523034803	
 5.825000	    0.88930706030628448	   0.41895113619419999	   2.17370901717418885	   0.34595653492669781	   0.69191306985339562	  -0.54552914488903470	  -0.08682366000978467	
 5.850000	    0.77923013343231451	   0.40459365865596059	   2.15379980950257854	   0.34278788611271799	   0.68557577222543598	  -0.60243886660217072	  -0.09588112353041439	
 5.875000	    0.67878334565720755	   0.38889296558641345	   2.13397214508261523	   0.33963221531031351	   0.67926443062062702	  -0.65269112642482463	  -0.10387901908272802	
 5.900000	    0.58817041163731998	   0.37203973349475783	   2.11467863414197232	   0.33656155767451262	   0.67312311534902525	  -0.69424949106884881	  -0.11049323824263994	
 5.925000	    0.50742100042162230	   0.35428314036981395	   2.09679441834476554	   0.33371519632706503	   0.66743039265413007	  -0.72442650308900725	  -0.11529605887339169	
 5.950000	    0.43638408424787928	   0.33595020861538749	   2.08189223543495050	   0.33134344025410839	   0.66268688050821678	  -0.73961967666021322	  -0.11771412754850229	
 5.975000	    0.37475120523593197	   0.31747283445717683	   2.07266110980653329	   0.32987426098004347	   0.65974852196008693	  -0.73495591071200850	  -0.11697186614442184	
 6.000000	    0.32206755853133928	   0.29942478625734509	   2.07349783683122579	   0.33000743022204193	   0.66001486044408386	  -0.70385110515211835	  -0.11202138258565306	
 6.025000	    0.27772334447264252	   0.28256991793648784	   2.09122629893726364	   0.33282900259963522	   0.66565800519927043	  -0.63757693823408301	  -0.10147352132135033	
 6.050000	    0.24098261401535251	   0.26791813897813038	   2.13567515138052277	   0.33990325718074210	   0.67980651436148420	  -0.52515582394412019	  -0.08358114527420382	
 6.075000	    0.21106491702771915	   0.25677222556602131	   2.21932736325994417	   0.35321692020192252	   0.70643384040384505	  -0.35440491956055431	  -0.05640529480414774	
 6.100000	    0.18722165602355631	   0.25071876768974793	   2.35437785352375739	   0.37471087329439223	   0.74942174658878447	  -0.11574932562963980	  -0.01842207733351063	
 6.125000	    0.16878125995336304	   0.25146869597460519	   2.54487739889132980	   0.40502981759640017	   0.81005963519280033	   0.18913462805462336	   0.03010171096474030	
 6.150000	    0.15517750555689200	   0.26042143810871876	   2.77365774997055681	   0.44144134135295843	   0.88288268270591685	   0.53421065816155200	   0.08502226689878589	
 6.175000	    0.14597298900302280	   0.27793002195353500	   2.99253754307449427	   0.47627714236838165	   0.95255428473676329	   0.86097823035866516	   0.13702894125609424	
 6.200000	    0.14088659361578881	   0.30262674191446726	   3.13629446724855310	   0.49915676745436965	   0.99831353490873931	   1.09598920392915322	   0.17443209938067608	
 6.225000	    0.13983193909456820	   0.33159852265976192	   3.16855691615380408	   0.50429149567389009	   1.00858299134778018	   1.19972975917459967	   0.19094292154708656	
 6.250000	    0.14297110192039925	   0.36174581061722422	   3.11460464412316362	   0.49570472488917505	   0.99140944977835010	   1.19847752502034521	   0.19074362229152877	
 6.275000	    0.15078838101737083	   0.39114930631356348	   3.02924750253945296	   0.48211971387793268	   0.96423942775586535	   1.14864655382237180	   0.18281277690630135	
 6.300000	    0.16419780982770749	   0.41909274858544493	   2.94561404582243425	   0.46880903583355710	   0.93761807166711419	   1.08425483402635092	   0.17256451640657622	
 6.325000	    0.18471050253928820	   0.44534196551921451	   2.87108956994302700	   0.45694809711601669	   0.91389619423203339	   1.01349616712857626	   0.16130292480320263	
 6.350000	    0.21469984038415493	   0.46975064351407592	   2.80556626756689553	   0.44651973965515040	   0.89303947931030081	   0.93721114133720862	   0.14916178586461376	
 6.375000	    0.25781861044792859	   0.49218466874772698	   2.74831021213261373	   0.43740715541084085	   0.87481431082168171	   0.85571889818229963	   0.13619189254286324	
 6.400000	    0.31964520916802136	   0.51251853076804121	   2.69855705442818250	   0.42948869442775012	   0.85897738885550023	   0.76938933326266001	   0.12245211555092990	
 6.425000	    0.40865873069915853	   0.53063659322581735	   2.65553328028492741	   0.42264124810238174	   0.84528249620476348	   0.67864012458716827	   0.10800893040854749	
 6.450000	    0.53763836194885528	   0.54643411539481501	   2.61847014127969757	   0.41674246632319734	   0.83348493264639467	   0.58392291838265276	   0.09293421884524460	
 6.475000	    0.72547265799186422	   0.55981792279582643	   2.58661693294832506	   0.41167287076392350	   0.82334574152784701	   0.48570945779580049	   0.07730306111468602	
 6.500000	    0.99894920437038093	   0.57070674230593976	   2.55925292408414107	   0.40731775349037813	   0.81463550698075626	   0.38447844228337741	   0.06119164460167144	
 6.525000	    1.39293529045676556	   0.57903120600263613	   2.53569919040204939	   0.40356906034660323	   0.80713812069320645	   0.28070190793366256	   0.04467509618296849	
 6.550000	    1.94469737712512503	   0.58473351076989788	   2.51532965504506034	   0.40032714810605324	   0.80065429621210649	   0.17483179228225287	   0.02782534395133601	
 6.575000	    2.67338754229811659	   0.58776678188298881	   2.49757779001258129	   0.39750185103703400	   0.79500370207406801	   0.06729034281862468	   0.01070959068193236	
 6.600000	    3.53159762424149859	   0.58809427369316458	   2.48193711286356455	   0.39501255995546358	   0.79002511991092716	  -0.04153344453750944	  -0.00661025300177772	
 6.625000	    4.32669644864329417	   0.58568854809146853	   2.46795691104494397	   0.39278754173060787	   0.78557508346121574	  -0.15128248950009449	  -0.02407735600718778	
 6.650000	    4.66923300251212314	   0.58053072928691463	   2.45523508007253133	   0.39076279944616871	   0.78152559889233741	  -0.26162710285097052	  -0.04163924666554365	
 6.675000	    4.12033268222294424	   0.57260990329928463	   2.44340892780585150	   0.38888060885516929	   0.77776121771033857	  -0.37225801426825500	  -0.05924670307636608	
 6.700000	    2.67033945865315303	   0.56192272263894427	   2.43214397833876284	   0.38708773646380168	   0.77417547292760336	  -0.48287689389778732	  -0.07685224456869354	
 6.725000	    1.08650922782577175	   0.54847328644880300	   2.42112018733764556	   0.38533324563436194	   0.77066649126872389	  -0.59318367163392560	  -0.09440811350193898	
 6.750000	    0.21973247873905968	   0.53227339034530186	   2.41001453788682696	   0.38356572662801836	   0.76713145325603671	  -0.70285947217961642	  -0.11186355929634645	
 6.775000	    0.01550949887009058	   0.51334327490017040	   2.39847862996783157	   0.38172972985965731	   0.76345945971931461	  -0.81154356805279426	  -0.12916117039003619	
 6.800000	    0.00022263929859538	   0.49171305031837442	   2.38610915117856726	   0.37976106616687560	   0.75952213233375121	  -0.91880194846814001	  -0.14623187182116934	
 6.825000	    0.00000000000000000	   0.46742505424331632	   2.37240755379221024	   0.37758038921458187	   0.75516077842916374	  -1.02408340699502975	  -0.16298793636164827	
 6.850000	    0.00000000000000000	   0.44053753475890778	   2.35672274630350920	   0.37508407457131038	   0.75016814914262075	  -1.12665629897230302	  -0.17931291914706229	
 6.875000	    0.00000000000000000	   0.41113026964621935	   2.33816699013076290	   0.37213083425360988	   0.74426166850721975	  -1.22551511796393364	  -0.19504678885780724	
 6.900000	    0.00000000000000000	   0.37931307286746330	   2.31549003896302086	   0.36852168538101016	   0.73704337076202031	  -1.31924029064489079	  -0.20996361338212310	
 6.925000	    0.00000000000000000	   0.34523864936916093	   2.28688961012468006	   0.36396978575684030	   0.72793957151368061	  -1.40578674185415342	  -0.22373790889913869	
 6.950000	    0.00000000000000000	   0.30912198400454799	   2.24972861019497561	   0.35805542892779019	   0.71611085785558037	  -1.48216782288931381	  -0.23589433550458719	
 6.975000	    0.00000000000000000	   0.27126936444026373	   2.20012635643354937	   0.35016098505316068	   0.70032197010632136	  -1.54399634918252016	  -0.24573465108823817	
 7.000000	    0.00000000000000000	   0.23212096256952872	   2.13240846825246377	   0.33938334841339662	   0.67876669682679325	  -1.58486031659015714	  -0.25223835349550966	
 7.025000	    0.00000000000000000	   0.19231064927717326	   2.03847938378766003	   0.32443407032072691	   0.64886814064145382	  -1.59559022336187661	  -0.25394607119714413	
 7.050000	    0.00000000000000000	   0.15274275956974859	   1.90741085542695288	   0.30357386614834009	   0.60714773229668018	  -1.56371064214341216	  -0.24887227826252592	
 7.075000	    0.00000000000000000	   0.11467214807997553	   1.72605908472052971	   0.27471083540194485	   0.54942167080388971	  -1.47391100983744172	  -0.23458022289319605	
 7.100000	    0.00000000000000000	   0.07974202359101971	   1.48238988703509866	   0.23592967811107227	   0.47185935622214453	  -1.31129558222361076	  -0.20869917376545255	
 7.125000	    0.00000000000000000	   0.04987929740331073	   1.17379540042106023	   0.18681534015554230	   0.37363068031108460	  -1.06988631424148206	  -0.17027769545790072	
 7.150000	    0.00000000000000000	   0.02690132854806106	   0.82052607697153612	   0.13059078108582095	   0.26118156217164190	  -0.76681131220215426	  -0.12204181075575544	
 7.175000	    0.00000000000000000	   0.01177315346851319	   0.47536063967892822	   0.07565599555622678	   0.15131199111245355	  -0.45350416119650372	  -0.07217742896716728	
 7.200000	    0.00000000000000000	   0.00383797322455919	   0.20869156829501295	   0.03321429467575118	   0.06642858935150235	  -0.20251286749352387	  -0.03223092390130834	
 7.225000	    0.00000000000000000	   0.00082891952316740	   0.06116046536887976	   0.00973399038525789	   0.01946798077051579	  -0.06017314371595654	  -0.00957685326377350	
 7.250000	    0.00000000000000000	   0.00010140183262447	   0.00986447350442140	   0.00156997971922770	   0.00313995943845539	  -0.00980181923982031	  -0.00156000798331065	
 7.275000	    0.00000000000000000	   0.00000543642923715	   0.00062654264601089	   0.00009971735917051	   0.00019943471834102	  -0.00062566834352980	  -0.00009957820960889	
 7.300000	    0.00000000000000000	   0.00000007194780834	   0.00000874302481085	   0.00000139149561622	   0.00000278299123244	  -0.00000874302481085	  -0.00000139149561622	
 7.325000	    0.00000000000000000	   0.00000000000000000	   0.00000000000000000	   0.00000000000000000	   0.00000000000000000	   0.00000000000000000	   0.00000000000000000	
 7.350000	    0.00000000000000000	   0.00000000000000000	   0.00000000000000000	   0.00000000000000000	   0.00000000000000000	   0.00000000000000000	   0.00000000000000000	
 7.375000	    0.00000000000000000	   0.00000000000000000	   0.00000000000000000	   0.00000000000000000	   0.00000000000000000	   0.00000000000000000	   0.00000000000000000	
 7.400000	    0.00000000000000000	   0.00000000000000000	   0.00000000000000000	   0.00000000000000000	   0.00000000000000000	   0.00000000000000000	   0.00000000000000000	
 7.425000	    0.00000000000000000	   0.00000000000000000	   0.00000000000000000	   0.00000000000000000	   0.00000000000000000	   0.00000000000000000	   0.00000000000000000	
 7.450000	    0.00000000000000000	   0.00000000000000000	   0.00000000000000000	   0.00000000000000000	   0.00000000000000000	   0.00000000000000000	   0.00000000000000000	
 7.475000	    0.00000000000000000	   0.00000000000000000	   0.00000000000000000	   0.00000000000000000	   0.00000000000000000	   0.00000000000000000	   0.00000000000000000	
 7.500000	    0.00000000000000000	   0.00000000000000000	   0.00000000000000000	   0.00000000000000000	   0.00000000000000000	   0.00000000000000000	   0.00000000000000000	
 7.525000	    0.00000000000000000	   0.00000000000000000	   0.00000000000000000	   0.00000000000000000	   0.00000000000000000	   0.00000000000000000	   0.00000000000000000	
 7.550000	    0.00000000000000000	   0.00000000000000000	   0.00000000000000000	   0.00000000000000000	   0.00000000000000000	   0.00000000000000000	   0.00000000000000000	
 7.575000	    0.00000000000000000	   0.00000000000000000	   0.00000000000000000	   0.00000000000000000	   0.00000000000000000	   0.00000000000000000	   0.00000000000000000	
 7.600000	    0.00000000000000000	   0.00000000000000000	   0.00000000000000000	   0.00000000000000000	   0.00000000000000000	   0.00000000000000000	   0.00000000000000000	
 7.625000	    0.00000000000000000	   0.00000000000000000	   0.00000000000000000	   0.00000000000000000	   0.00000000000000000	   0.00000000000000000	   0.00000000000000000	
 7.650000	    0.00000000000000000	   0.00000000000000000	   0.00000000000000000	   0.00000000000000000	   0.00000000000000000	   0.00000000000000000	   0.00000000000000000	
 7.675000	    0.00000000000000000	   0.00000000000000000	   0.00000000000000000	   0.00000000000000000	   0.00000000000000000	   0.00000000000000000	   0.00000000000000000	
 7.700000	    0.00000000000000000	   0.00000000000000000	   0.00000000000000000	   0.00000000000000000	   0.00000000000000000	   0.00000000000000000	   0.00000000000000000	
 7.725000	    0.00000000000000000	   0.00000000000000000	   0.00000000000000000	   0.00000000000000000	   0.00000000000000000	   0.00000000000000000	   0.00000000000000000	
 7.750000	    0.00000000000000000	   0.00000000000000000	   0.00000000000000000	   0.00000000000000000	   0.00000000000000000	   0.00000000000000000	   0.00000000000000000	
 7.775000	    0.00000000000000000	   0.00000000000000000	   0.00000000000000000	   0.00000000000000000	   0.00000000000000000	   0.00000000000000000	   0.00000000000000000	
 7.800000	    0.00000000000000000	   0.00000000000000000	   0.00000000000000000	   0.00000000000000000	   0.00000000000000000	   0.00000000000000000	   0.00000000000000000	
 7.825000	    0.00000000000000000	   0.00000000000000000	   0.00000000000000000	   0.00000000000000000	   0.00000000000000000	   0.00000000000000000	   0.00000000000000000	
 7.850000	    0.00000000000000000	   0.00000000000000000	   0.00000000000000000	   0.00000000000000000	   0.00000000000000000	   0.00000000000000000	   0.00000000000000000	
 7.875000	    0.00000000000000000	   0.00000000000000000	   0.00000000000000000	   0.00000000000000000	   0.00000000000000000	   0.00000000000000000	   0.00000000000000000	
 7.900000	    0.00000000000000000	   0.00000000000000000	   0.00000000000000000	   0.00000000000000000	   0.00000000000000000	   0.00000000000000000	   0.00000000000000000	
 7.925000	    0.00000000000000000	   0.00000000000000000	   0.00000000000000000	   0.00000000000000000	   0.00000000000000000	   0.00000000000000000	   0.00000000000000000	
 7.950000	    0.00000000000000000	   0.00000000000000000	   0.00000000000000000	   0.00000000000000000	   0.00000000000000000	   0.00000000000000000	   0.00000000000000000	
 7.975000	    0.00000000000000000	   0.00000000000000000	   0.00000000000000000	   0.00000000000000000	   0.00000000000000000	   0.00000000000000000	   0.00000000000000000	
 8.000000	    0.00000000000000000	   0.00000000000000000	   0.00000000000000000	   0.00000000000000000	   0.00000000000000000	   0.00000000000000000	   0.00000000000000000	

