DENSITY
CHEMPOT
WJDCFIELD
 0.000000	 0.65	0.15	-15.8367	-17.3031	11.7034	11.7034	
 0.100000	 0.65	0.15	-15.8367	-17.3031	11.7034	11.7034	
 0.200000	 0.65	0.15	-15.8367	-17.3031	11.7034	11.7034	
 0.300000	 0.65	0.15	-15.8367	-17.3031	11.7034	11.7034	
 0.400000	 0.65	0.15	-15.8367	-17.3031	11.7034	11.7034	
 0.500000	 0.65	0.15	-15.8367	-17.3031	11.7034	11.7034	
 0.600000	 0.65	0.15	-15.8367	-17.3031	11.7034	11.7034	
 0.700000	 0.65	0.15	-15.8367	-17.3031	11.7034	11.7034	
 0.800000	 0.65	0.15	-15.8367	-17.3031	11.7034	11.7034	
 0.900000	 0.65	0.15	-15.8367	-17.3031	11.7034	11.7034	
 1.000000	 0.65	0.15	-15.8367	-17.3031	11.7034	11.7034	
 1.100000	 0.65	0.15	-15.8367	-17.3031	11.7034	11.7034	
 1.200000	 0.65	0.15	-15.8367	-17.3031	11.7034	11.7034	
 1.300000	 0.65	0.15	-15.8367	-17.3031	11.7034	11.7034	
 1.400000	 0.65	0.15	-15.8367	-17.3031	11.7034	11.7034	
 1.500000	 0.65	0.15	-15.8367	-17.3031	11.7034	11.7034	
 1.600000	 0.65	0.15	-15.8367	-17.3031	11.7034	11.7034	
 1.700000	 0.65	0.15	-15.8367	-17.3031	11.7034	11.7034	
 1.800000	 0.65	0.15	-15.8367	-17.3031	11.7034	11.7034	
 1.900000	 0.65	0.15	-15.8367	-17.3031	11.7035	11.7035	
 2.000000	 0.650001	0.15	-15.8367	-17.3031	11.7035	11.7035	
 2.100000	 0.650001	0.15	-15.8367	-17.3031	11.7035	11.7035	
 2.200000	 0.65	0.15	-15.8367	-17.3031	11.7034	11.7034	
 2.300000	 0.65	0.15	-15.8367	-17.3031	11.7034	11.7034	
 2.400000	 0.649999	0.15	-15.8367	-17.3031	11.7034	11.7034	
 2.500000	 0.649999	0.15	-15.8367	-17.3031	11.7034	11.7034	
 2.600000	 0.649999	0.15	-15.8367	-17.3031	11.7034	11.7034	
 2.700000	 0.65	0.15	-15.8367	-17.3031	11.7034	11.7034	
 2.800000	 0.650001	0.15	-15.8367	-17.3031	11.7035	11.7035	
 2.900000	 0.650001	0.15	-15.8367	-17.3031	11.7035	11.7035	
 3.000000	 0.650001	0.15	-15.8367	-17.3031	11.7035	11.7035	
 3.100000	 0.650001	0.15	-15.8367	-17.3031	11.7035	11.7035	
 3.200000	 0.65	0.15	-15.8367	-17.3031	11.7034	11.7034	
 3.300000	 0.649999	0.15	-15.8367	-17.3031	11.7034	11.7034	
 3.400000	 0.649998	0.15	-15.8367	-17.3031	11.7034	11.7034	
 3.500000	 0.649998	0.15	-15.8367	-17.3031	11.7034	11.7034	
 3.600000	 0.649999	0.15	-15.8367	-17.3031	11.7034	11.7034	
 3.700000	 0.650001	0.15	-15.8367	-17.3031	11.7035	11.7035	
 3.800000	 0.650002	0.150001	-15.8367	-17.3031	11.7035	11.7035	
 3.900000	 0.650003	0.150001	-15.8367	-17.3031	11.7035	11.7035	
 4.000000	 0.650002	0.150001	-15.8367	-17.3031	11.7035	11.7035	
 4.100000	 0.650001	0.15	-15.8367	-17.3031	11.7034	11.7034	
 4.200000	 0.649998	0.15	-15.8367	-17.3031	11.7034	11.7034	
 4.300000	 0.649996	0.149999	-15.8367	-17.3031	11.7034	11.7034	
 4.400000	 0.649996	0.149999	-15.8367	-17.3031	11.7034	11.7034	
 4.500000	 0.649997	0.149999	-15.8367	-17.3031	11.7034	11.7034	
 4.600000	 0.650001	0.15	-15.8367	-17.3031	11.7035	11.7035	
 4.700000	 0.650004	0.150001	-15.8367	-17.3031	11.7035	11.7035	
 4.800000	 0.650007	0.150002	-15.8367	-17.3031	11.7036	11.7036	
 4.900000	 0.650006	0.150001	-15.8367	-17.3031	11.7035	11.7035	
 5.000000	 0.650002	0.150001	-15.8367	-17.3031	11.7035	11.7035	
 5.100000	 0.649997	0.149999	-15.8367	-17.3031	11.7034	11.7034	
 5.200000	 0.649992	0.149998	-15.8367	-17.3031	11.7033	11.7033	
 5.300000	 0.64999	0.149998	-15.8367	-17.3031	11.7033	11.7033	
 5.400000	 0.649993	0.149998	-15.8367	-17.3031	11.7034	11.7034	
 5.500000	 0.649999	0.15	-15.8367	-17.3031	11.7035	11.7035	
 5.600000	 0.650008	0.150002	-15.8367	-17.3031	11.7036	11.7036	
 5.700000	 0.650014	0.150003	-15.8367	-17.3031	11.7037	11.7037	
 5.800000	 0.650014	0.150003	-15.8367	-17.3031	11.7037	11.7037	
 5.900000	 0.650008	0.150002	-15.8367	-17.3031	11.7035	11.7035	
 6.000000	 0.649996	0.149999	-15.8367	-17.3031	11.7033	11.7033	
 6.100000	 0.649984	0.149996	-15.8367	-17.3031	11.7031	11.7031	
 6.200000	 0.649978	0.149995	-15.8367	-17.3031	11.7031	11.7031	
 6.300000	 0.649981	0.149996	-15.8367	-17.3031	11.7032	11.7032	
 6.400000	 0.649994	0.149999	-15.8367	-17.3031	11.7034	11.7034	
 6.500000	 0.650012	0.150003	-15.8367	-17.3031	11.7037	11.7037	
 6.600000	 0.650028	0.150007	-15.8367	-17.3031	11.704	11.704	
 6.700000	 0.650033	0.150008	-15.8367	-17.3031	11.704	11.704	
 6.800000	 0.650023	0.150005	-15.8367	-17.3031	11.7037	11.7037	
 6.900000	 0.649999	0.15	-15.8367	-17.3031	11.7033	11.7033	
 7.000000	 0.649972	0.149993	-15.8367	-17.3031	11.7028	11.7028	
 7.100000	 0.649953	0.149989	-15.8367	-17.3031	11.7026	11.7026	
 7.200000	 0.649954	0.149989	-15.8367	-17.3031	11.7028	11.7028	
 7.300000	 0.649978	0.149995	-15.8367	-17.3031	11.7033	11.7033	
 7.400000	 0.650017	0.150004	-15.8367	-17.3031	11.7039	11.7039	
 7.500000	 0.650055	0.150013	-15.8367	-17.3031	11.7045	11.7045	
 7.600000	 0.650074	0.150017	-15.8367	-17.3031	11.7046	11.7046	
 7.700000	 0.650059	0.150014	-15.8367	-17.3031	11.7042	11.7042	
 7.800000	 0.650013	0.150003	-15.8367	-17.3031	11.7033	11.7033	
 7.900000	 0.649952	0.149989	-15.8367	-17.3031	11.7023	11.7023	
 8.000000	 0.649902	0.149977	-15.8367	-17.3031	11.7017	11.7017	
 8.100000	 0.649892	0.149975	-15.8367	-17.3031	11.7018	11.7018	
 8.200000	 0.649933	0.149985	-15.8367	-17.3031	11.7027	11.7027	
 8.300000	 0.650014	0.150003	-15.8367	-17.3031	11.7042	11.7042	
 8.400000	 0.650104	0.150024	-15.8367	-17.3031	11.7056	11.7056	
 8.500000	 0.650159	0.150037	-15.8367	-17.3031	11.7061	11.7061	
 8.600000	 0.650147	0.150034	-15.8367	-17.3031	11.7055	11.7055	
 8.700000	 0.65006	0.150014	-15.8367	-17.3031	11.7038	11.7038	
 8.800000	 0.649927	0.149983	-15.8367	-17.3031	11.7015	11.7015	
 8.900000	 0.649805	0.149955	-15.8367	-17.3031	11.6998	11.6998	
 9.000000	 0.649756	0.149944	-15.8367	-17.3031	11.6995	11.6995	
 9.100000	 0.649818	0.149958	-15.8367	-17.3031	11.7012	11.7012	
 9.200000	 0.649981	0.149996	-15.8367	-17.3031	11.7042	11.7042	
 9.300000	 0.650184	0.150042	-15.8367	-17.3031	11.7075	11.7075	
 9.400000	 0.650335	0.150077	-15.8367	-17.3031	11.7093	11.7093	
 9.500000	 0.650349	0.150081	-15.8367	-17.3031	11.7087	11.7087	
 9.600000	 0.650195	0.150045	-15.8367	-17.3031	11.7053	11.7053	
 9.700000	 0.649915	0.14998	-15.8367	-17.3031	11.7004	11.7004	
 9.800000	 0.649625	0.149913	-15.8367	-17.3031	11.6961	11.6961	
 9.900000	 0.649465	0.149876	-15.8367	-17.3031	11.6945	11.6945	
10.000000	 0.649537	0.149893	-15.8367	-17.3031	11.6971	11.6971	
10.100000	 0.64736	0.152456	-15.8406	-17.2866	11.7033	11.7033	
10.200000	 0.645314	0.155052	-15.8444	-17.2704	11.7107	11.7107	
10.300000	 0.643205	0.157634	-15.8483	-17.2545	11.7159	11.7159	
10.400000	 0.640835	0.160154	-15.8522	-17.2388	11.716	11.716	
10.500000	 0.638098	0.162581	-15.8561	-17.2234	11.71	11.71	
10.600000	 0.635051	0.164928	-15.86	-17.2082	11.6995	11.6995	
10.700000	 0.63191	0.167247	-15.8639	-17.1932	11.6891	11.6891	
10.800000	 0.628977	0.169619	-15.8679	-17.1784	11.6837	11.6837	
10.900000	 0.626505	0.172114	-15.8718	-17.1638	11.687	11.687	
11.000000	 0.624567	0.174757	-15.8758	-17.1495	11.6991	11.6991	
11.100000	 0.622991	0.177505	-15.8798	-17.1353	11.7155	11.7155	
11.200000	 0.621394	0.180252	-15.8838	-17.1214	11.7291	11.7291	
11.300000	 0.619335	0.182868	-15.8878	-17.1077	11.7327	11.7327	
11.400000	 0.616518	0.18526	-15.8918	-17.0942	11.7225	11.7225	
11.500000	 0.61297	0.18743	-15.8959	-17.0808	11.701	11.701	
11.600000	 0.609081	0.189488	-15.9	-17.0676	11.6768	11.6768	
11.700000	 0.605473	0.191627	-15.9041	-17.0545	11.661	11.661	
11.800000	 0.602738	0.194039	-15.9082	-17.0416	11.6632	11.6632	
11.900000	 0.601152	0.196822	-15.9123	-17.0289	11.6855	11.6855	
12.000000	 0.600482	0.199913	-15.9165	-17.0163	11.7209	11.7209	
12.100000	 0.600007	0.203079	-15.9206	-17.004	11.7544	11.7544	
12.200000	 0.598769	0.205997	-15.9248	-16.9918	11.7691	11.7691	
12.300000	 0.596014	0.208395	-15.9289	-16.9798	11.7542	11.7542	
12.400000	 0.591603	0.210208	-15.9331	-16.9679	11.7115	11.7115	
12.500000	 0.586195	0.211652	-15.9374	-16.9561	11.6569	11.6569	
12.600000	 0.58104	0.213173	-15.9416	-16.9443	11.6151	11.6151	
12.700000	 0.57747	0.215263	-15.9459	-16.9327	11.6085	11.6085	
12.800000	 0.576281	0.218242	-15.9502	-16.9212	11.6471	11.6471	
12.900000	 0.577281	0.222064	-15.9546	-16.9099	11.7208	11.7208	
13.000000	 0.579181	0.226256	-15.9589	-16.8988	11.8002	11.8002	
13.100000	 0.579983	0.230042	-15.9632	-16.8879	11.8469	11.8469	
13.200000	 0.577837	0.232669	-15.9675	-16.8771	11.831	11.831	
13.300000	 0.572045	0.23382	-15.9718	-16.8665	11.7491	11.7491	
13.400000	 0.563636	0.233872	-15.9762	-16.8558	11.6299	11.6299	
13.500000	 0.555077	0.233825	-15.9806	-16.8452	11.5252	11.5252	
13.600000	 0.549243	0.234895	-15.9851	-16.8345	11.4876	11.4876	
13.700000	 0.548167	0.237995	-15.9897	-16.824	11.5475	11.5475	
13.800000	 0.552048	0.243271	-15.9942	-16.8137	11.6952	11.6952	
13.900000	 0.558795	0.249861	-15.9987	-16.8036	11.8765	11.8765	
14.000000	 0.56442	0.256006	-16.0031	-16.7937	12.0075	12.0075	
14.100000	 0.564571	0.259702	-16.0075	-16.7841	12.0108	12.0108	
14.200000	 0.556868	0.259778	-16.012	-16.7745	11.8605	11.8605	
14.300000	 0.542669	0.256766	-16.0165	-16.7648	11.6059	11.6059	
14.400000	 0.526804	0.252882	-16.0212	-16.7551	11.355	11.355	
14.500000	 0.515386	0.251055	-16.0259	-16.7452	11.2274	11.2274	
14.600000	 0.513166	0.253677	-16.0308	-16.7353	11.3026	11.3026	
14.700000	 0.521612	0.261613	-16.0356	-16.7257	11.5846	11.5846	
14.800000	 0.537779	0.273526	-16.0403	-16.7163	11.9826	11.9826	
14.900000	 0.554241	0.28572	-16.0449	-16.7074	12.3234	12.3234	
15.000000	 0.561299	0.293165	-16.0493	-16.6988	12.4169	12.4169	
15.100000	 0.551967	0.292058	-16.0538	-16.6903	12.1633	12.1633	
15.200000	 0.527064	0.28261	-16.0584	-16.6817	11.6331	11.6331	
15.300000	 0.495799	0.269563	-16.0633	-16.6726	11.0474	11.0474	
15.400000	 0.471021	0.259847	-16.0684	-16.6632	10.6728	10.6728	
15.500000	 0.463639	0.259618	-16.0738	-16.6537	10.7146	10.7146	
15.600000	 0.478904	0.272123	-16.079	-16.6443	11.235	11.235	
15.700000	 0.51337	0.295757	-16.0841	-16.6355	12.0829	12.0829	
15.800000	 0.55289	0.322604	-16.0887	-16.6275	12.899	12.899	
15.900000	 0.57674	0.340555	-16.0931	-16.62	13.2579	13.2579	
16.000000	 0.568551	0.33966	-16.0975	-16.6126	12.8938	12.8938	
16.100000	 0.526595	0.318429	-16.102	-16.6051	11.8717	11.8717	
16.200000	 0.466347	0.285761	-16.107	-16.5968	10.581	10.581	
16.300000	 0.411694	0.256049	-16.1127	-16.5876	9.54935	9.54935	
16.400000	 0.384177	0.242847	-16.119	-16.5776	9.27737	9.27737	
16.500000	 0.399859	0.256918	-16.1253	-16.5677	10.2585	10.2585	
16.600000	 0.477054	0.310979	-16.131	-16.5589	12.2903	12.2903	
16.700000	 0.581886	0.383845	-16.1357	-16.5517	14.1499	14.1499	
16.800000	 0.630218	0.420033	-16.1398	-16.5456	14.7575	14.7575	
16.900000	 0.614847	0.413895	-16.1438	-16.5396	14.1036	14.1036	
17.000000	 0.548445	0.373133	-16.1481	-16.5333	12.4848	12.4848	
17.100000	 0.456089	0.314109	-16.1531	-16.526	10.386	10.386	
17.200000	 0.362387	0.253313	-16.1591	-16.5172	8.2825	8.2825	
17.300000	 0.281999	0.20084	-16.1669	-16.5063	6.46837	6.46837	
17.400000	 0.218799	0.159576	-16.1768	-16.4924	5.02369	5.02369	
17.500000	 0.170349	0.128038	-16.1896	-16.4751	3.89497	3.89497	
17.600000	 0.993925	0.754505	-16.1939	-16.4695	22.2855	22.2855	
17.700000	 0.788131	0.602164	-16.1967	-16.4658	17.3406	17.3406	
17.800000	 0.625558	0.481847	-16.2002	-16.4612	13.6393	13.6393	
17.900000	 0.500692	0.389596	-16.2046	-16.4555	10.908	10.908	
18.000000	 0.412611	0.325072	-16.2101	-16.4485	9.00261	9.00261	
18.100000	 0.361562	0.289026	-16.2165	-16.4404	7.87181	7.87181	
18.200000	 0.348256	0.282802	-16.2235	-16.4317	7.50774	7.50774	
18.300000	 0.375113	0.309305	-16.2304	-16.4233	7.93134	7.93134	
18.400000	 0.446953	0.373496	-16.2365	-16.416	9.18786	9.18786	
18.500000	 0.567372	0.479248	-16.2414	-16.4102	11.2953	11.2953	
18.600000	 0.642136	0.547287	-16.2455	-16.4053	13.1477	13.1477	
18.700000	 0.599315	0.515252	-16.2495	-16.4006	12.9983	12.9983	
18.800000	 0.506941	0.44009	-16.254	-16.3954	11.2519	11.2519	
18.900000	 0.426294	0.37434	-16.2593	-16.3893	9.51353	9.51353	
19.000000	 0.379366	0.33755	-16.2655	-16.3823	8.44885	8.44885	
19.100000	 0.369271	0.333226	-16.2722	-16.3749	8.18916	8.18916	
19.200000	 0.393569	0.360055	-16.2787	-16.3677	8.68885	8.68885	
19.300000	 0.445619	0.41275	-16.2846	-16.3613	9.79581	9.79581	
19.400000	 0.508406	0.476031	-16.2899	-16.3557	11.1486	11.1486	
19.500000	 0.550216	0.520201	-16.2946	-16.3507	12.1143	12.1143	
19.600000	 0.542564	0.517788	-16.2991	-16.3459	12.0961	12.0961	
19.700000	 0.490832	0.473053	-16.3039	-16.3408	11.1098	11.1098	
19.800000	 0.427671	0.416746	-16.3094	-16.3352	9.79174	9.79174	
19.900000	 0.380991	0.375907	-16.3155	-16.329	8.78931	8.78931	
20.000000	 0.362916	0.362916	-16.3222	-16.3222	8.42805	8.42805	
20.100000	 0.375907	0.380991	-16.329	-16.3155	8.78931	8.78931	
20.200000	 0.416746	0.427671	-16.3352	-16.3094	9.79174	9.79174	
20.300000	 0.473053	0.490832	-16.3408	-16.3039	11.1098	11.1098	
20.400000	 0.517788	0.542564	-16.3459	-16.2991	12.0961	12.0961	
20.500000	 0.520201	0.550216	-16.3507	-16.2946	12.1143	12.1143	
20.600000	 0.476031	0.508406	-16.3557	-16.2899	11.1486	11.1486	
20.700000	 0.41275	0.445619	-16.3613	-16.2846	9.79581	9.79581	
20.800000	 0.360055	0.393569	-16.3677	-16.2787	8.68885	8.68885	
20.900000	 0.333226	0.369271	-16.3749	-16.2722	8.18916	8.18916	
21.000000	 0.33755	0.379366	-16.3823	-16.2655	8.44885	8.44885	
21.100000	 0.37434	0.426294	-16.3893	-16.2593	9.51353	9.51353	
21.200000	 0.44009	0.506941	-16.3954	-16.254	11.2519	11.2519	
21.300000	 0.515252	0.599315	-16.4006	-16.2495	12.9983	12.9983	
21.400000	 0.547287	0.642136	-16.4053	-16.2455	13.1477	13.1477	
21.500000	 0.479248	0.567372	-16.4102	-16.2414	11.2953	11.2953	
21.600000	 0.373496	0.446953	-16.416	-16.2365	9.18786	9.18786	
21.700000	 0.309305	0.375113	-16.4233	-16.2304	7.93134	7.93134	
21.800000	 0.282802	0.348256	-16.4317	-16.2235	7.50774	7.50774	
21.900000	 0.289026	0.361562	-16.4404	-16.2165	7.87181	7.87181	
22.000000	 0.325072	0.412611	-16.4485	-16.2101	9.00261	9.00261	
22.100000	 0.389596	0.500692	-16.4555	-16.2046	10.908	10.908	
22.200000	 0.481847	0.625558	-16.4612	-16.2002	13.6393	13.6393	
22.300000	 0.602164	0.788131	-16.4658	-16.1967	17.3406	17.3406	
22.400000	 0.754505	0.993925	-16.4695	-16.1939	22.2855	22.2855	
22.500000	 0.128038	0.170349	-16.4751	-16.1896	3.89497	3.89497	
22.600000	 0.159576	0.218799	-16.4924	-16.1768	5.02369	5.02369	
22.700000	 0.20084	0.281999	-16.5063	-16.1669	6.46837	6.46837	
22.800000	 0.253313	0.362387	-16.5172	-16.1591	8.2825	8.2825	
22.900000	 0.314109	0.456089	-16.526	-16.1531	10.386	10.386	
23.000000	 0.373133	0.548445	-16.5333	-16.1481	12.4848	12.4848	
23.100000	 0.413895	0.614847	-16.5396	-16.1438	14.1036	14.1036	
23.200000	 0.420033	0.630218	-16.5456	-16.1398	14.7575	14.7575	
23.300000	 0.383845	0.581886	-16.5517	-16.1357	14.1499	14.1499	
23.400000	 0.310979	0.477054	-16.5589	-16.131	12.2903	12.2903	
23.500000	 0.256918	0.399859	-16.5677	-16.1253	10.2585	10.2585	
23.600000	 0.242847	0.384176	-16.5776	-16.119	9.27737	9.27737	
23.700000	 0.256049	0.411694	-16.5876	-16.1127	9.54935	9.54935	
23.800000	 0.285761	0.466347	-16.5968	-16.107	10.581	10.581	
23.900000	 0.318429	0.526595	-16.6051	-16.102	11.8717	11.8717	
24.000000	 0.33966	0.568551	-16.6126	-16.0975	12.8938	12.8938	
24.100000	 0.340555	0.57674	-16.62	-16.0931	13.2579	13.2579	
24.200000	 0.322604	0.55289	-16.6275	-16.0887	12.899	12.899	
24.300000	 0.295757	0.51337	-16.6355	-16.0841	12.0829	12.0829	
24.400000	 0.272123	0.478904	-16.6443	-16.079	11.235	11.235	
24.500000	 0.259618	0.463639	-16.6537	-16.0738	10.7146	10.7146	
24.600000	 0.259847	0.471021	-16.6632	-16.0684	10.6728	10.6728	
24.700000	 0.269563	0.495799	-16.6726	-16.0633	11.0474	11.0474	
24.800000	 0.28261	0.527064	-16.6817	-16.0584	11.6331	11.6331	
24.900000	 0.292058	0.551967	-16.6903	-16.0538	12.1633	12.1633	
25.000000	 0.293165	0.561299	-16.6988	-16.0493	12.4169	12.4169	
25.100000	 0.28572	0.554241	-16.7074	-16.0449	12.3234	12.3234	
25.200000	 0.273526	0.537779	-16.7163	-16.0403	11.9826	11.9826	
25.300000	 0.261613	0.521612	-16.7257	-16.0356	11.5846	11.5846	
25.400000	 0.253677	0.513166	-16.7353	-16.0308	11.3026	11.3026	
25.500000	 0.251055	0.515386	-16.7452	-16.0259	11.2274	11.2274	
25.600000	 0.252882	0.526804	-16.7551	-16.0212	11.355	11.355	
25.700000	 0.256766	0.542669	-16.7648	-16.0165	11.6059	11.6059	
25.800000	 0.259778	0.556868	-16.7745	-16.012	11.8605	11.8605	
25.900000	 0.259702	0.564571	-16.7841	-16.0075	12.0108	12.0108	
26.000000	 0.256006	0.56442	-16.7937	-16.0031	12.0075	12.0075	
26.100000	 0.249861	0.558795	-16.8036	-15.9987	11.8765	11.8765	
26.200000	 0.243271	0.552048	-16.8137	-15.9942	11.6952	11.6952	
26.300000	 0.237995	0.548167	-16.824	-15.9897	11.5475	11.5475	
26.400000	 0.234895	0.549243	-16.8345	-15.9851	11.4876	11.4876	
26.500000	 0.233825	0.555077	-16.8452	-15.9806	11.5252	11.5252	
26.600000	 0.233872	0.563636	-16.8558	-15.9762	11.6299	11.6299	
26.700000	 0.23382	0.572045	-16.8665	-15.9718	11.7491	11.7491	
26.800000	 0.232669	0.577837	-16.8771	-15.9675	11.831	11.831	
26.900000	 0.230042	0.579983	-16.8879	-15.9632	11.8469	11.8469	
27.000000	 0.226256	0.579181	-16.8988	-15.9589	11.8002	11.8002	
27.100000	 0.222064	0.577281	-16.9099	-15.9546	11.7208	11.7208	
27.200000	 0.218242	0.576281	-16.9212	-15.9502	11.6471	11.6471	
27.300000	 0.215263	0.57747	-16.9327	-15.9459	11.6085	11.6085	
27.400000	 0.213173	0.58104	-16.9443	-15.9416	11.6151	11.6151	
27.500000	 0.211652	0.586195	-16.9561	-15.9374	11.6569	11.6569	
27.600000	 0.210208	0.591603	-16.9679	-15.9331	11.7115	11.7115	
27.700000	 0.208395	0.596014	-16.9798	-15.9289	11.7542	11.7542	
27.800000	 0.205997	0.598769	-16.9918	-15.9248	11.7691	11.7691	
27.900000	 0.203079	0.600007	-17.004	-15.9206	11.7544	11.7544	
28.000000	 0.199913	0.600482	-17.0163	-15.9165	11.7209	11.7209	
28.100000	 0.196822	0.601152	-17.0289	-15.9123	11.6855	11.6855	
28.200000	 0.194039	0.602738	-17.0416	-15.9082	11.6632	11.6632	
28.300000	 0.191627	0.605473	-17.0545	-15.9041	11.661	11.661	
28.400000	 0.189488	0.609081	-17.0676	-15.9	11.6768	11.6768	
28.500000	 0.18743	0.61297	-17.0808	-15.8959	11.701	11.701	
28.600000	 0.18526	0.616518	-17.0942	-15.8918	11.7225	11.7225	
28.700000	 0.182868	0.619335	-17.1077	-15.8878	11.7327	11.7327	
28.800000	 0.180252	0.621394	-17.1214	-15.8838	11.7291	11.7291	
28.900000	 0.177505	0.622991	-17.1353	-15.8798	11.7155	11.7155	
29.000000	 0.174757	0.624567	-17.1495	-15.8758	11.6991	11.6991	
29.100000	 0.172114	0.626505	-17.1638	-15.8718	11.687	11.687	
29.200000	 0.169619	0.628977	-17.1784	-15.8679	11.6837	11.6837	
29.300000	 0.167247	0.63191	-17.1932	-15.8639	11.6891	11.6891	
29.400000	 0.164928	0.635051	-17.2082	-15.86	11.6995	11.6995	
29.500000	 0.162581	0.638098	-17.2234	-15.8561	11.71	11.71	
29.600000	 0.160154	0.640835	-17.2388	-15.8522	11.716	11.716	
29.700000	 0.157634	0.643205	-17.2545	-15.8483	11.7159	11.7159	
29.800000	 0.155052	0.645314	-17.2704	-15.8444	11.7107	11.7107	
29.900000	 0.152456	0.64736	-17.2866	-15.8406	11.7033	11.7033	
30.000000	 0.149893	0.649537	-17.3031	-15.8367	11.6971	11.6971	
30.100000	 0.149876	0.649465	-17.3031	-15.8367	11.6945	11.6945	
30.200000	 0.149913	0.649625	-17.3031	-15.8367	11.6961	11.6961	
30.300000	 0.14998	0.649915	-17.3031	-15.8367	11.7004	11.7004	
30.400000	 0.150045	0.650195	-17.3031	-15.8367	11.7053	11.7053	
30.500000	 0.150081	0.650349	-17.3031	-15.8367	11.7087	11.7087	
30.600000	 0.150077	0.650335	-17.3031	-15.8367	11.7093	11.7093	
30.700000	 0.150042	0.650184	-17.3031	-15.8367	11.7075	11.7075	
30.800000	 0.149996	0.649981	-17.3031	-15.8367	11.7042	11.7042	
30.900000	 0.149958	0.649818	-17.3031	-15.8367	11.7012	11.7012	
31.000000	 0.149944	0.649756	-17.3031	-15.8367	11.6995	11.6995	
31.100000	 0.149955	0.649805	-17.3031	-15.8367	11.6998	11.6998	
31.200000	 0.149983	0.649927	-17.3031	-15.8367	11.7015	11.7015	
31.300000	 0.150014	0.65006	-17.3031	-15.8367	11.7038	11.7038	
31.400000	 0.150034	0.650147	-17.3031	-15.8367	11.7055	11.7055	
31.500000	 0.150037	0.650159	-17.3031	-15.8367	11.7061	11.7061	
31.600000	 0.150024	0.650104	-17.3031	-15.8367	11.7056	11.7056	
31.700000	 0.150003	0.650014	-17.3031	-15.8367	11.7042	11.7042	
31.800000	 0.149985	0.649933	-17.3031	-15.8367	11.7027	11.7027	
31.900000	 0.149975	0.649892	-17.3031	-15.8367	11.7018	11.7018	
32.000000	 0.149977	0.649902	-17.3031	-15.8367	11.7017	11.7017	
32.100000	 0.149989	0.649952	-17.3031	-15.8367	11.7023	11.7023	
32.200000	 0.150003	0.650013	-17.3031	-15.8367	11.7033	11.7033	
32.300000	 0.150014	0.650059	-17.3031	-15.8367	11.7042	11.7042	
32.400000	 0.150017	0.650074	-17.3031	-15.8367	11.7046	11.7046	
32.500000	 0.150013	0.650055	-17.3031	-15.8367	11.7045	11.7045	
32.600000	 0.150004	0.650017	-17.3031	-15.8367	11.7039	11.7039	
32.700000	 0.149995	0.649978	-17.3031	-15.8367	11.7033	11.7033	
32.800000	 0.149989	0.649954	-17.3031	-15.8367	11.7028	11.7028	
32.900000	 0.149989	0.649953	-17.3031	-15.8367	11.7026	11.7026	
33.000000	 0.149993	0.649972	-17.3031	-15.8367	11.7028	11.7028	
33.100000	 0.15	0.649999	-17.3031	-15.8367	11.7033	11.7033	
33.200000	 0.150005	0.650023	-17.3031	-15.8367	11.7037	11.7037	
33.300000	 0.150008	0.650033	-17.3031	-15.8367	11.704	11.704	
33.400000	 0.150007	0.650028	-17.3031	-15.8367	11.704	11.704	
33.500000	 0.150003	0.650012	-17.3031	-15.8367	11.7037	11.7037	
33.600000	 0.149999	0.649994	-17.3031	-15.8367	11.7034	11.7034	
33.700000	 0.149996	0.649981	-17.3031	-15.8367	11.7032	11.7032	
33.800000	 0.149995	0.649978	-17.3031	-15.8367	11.7031	11.7031	
33.900000	 0.149996	0.649984	-17.3031	-15.8367	11.7031	11.7031	
34.000000	 0.149999	0.649996	-17.3031	-15.8367	11.7033	11.7033	
34.100000	 0.150002	0.650008	-17.3031	-15.8367	11.7035	11.7035	
34.200000	 0.150003	0.650014	-17.3031	-15.8367	11.7037	11.7037	
34.300000	 0.150003	0.650014	-17.3031	-15.8367	11.7037	11.7037	
34.400000	 0.150002	0.650008	-17.3031	-15.8367	11.7036	11.7036	
34.500000	 0.15	0.649999	-17.3031	-15.8367	11.7035	11.7035	
34.600000	 0.149998	0.649993	-17.3031	-15.8367	11.7034	11.7034	
34.700000	 0.149998	0.64999	-17.3031	-15.8367	11.7033	11.7033	
34.800000	 0.149998	0.649992	-17.3031	-15.8367	11.7033	11.7033	
34.900000	 0.149999	0.649997	-17.3031	-15.8367	11.7034	11.7034	
35.000000	 0.150001	0.650002	-17.3031	-15.8367	11.7035	11.7035	
35.100000	 0.150001	0.650006	-17.3031	-15.8367	11.7035	11.7035	
35.200000	 0.150002	0.650007	-17.3031	-15.8367	11.7036	11.7036	
35.300000	 0.150001	0.650004	-17.3031	-15.8367	11.7035	11.7035	
35.400000	 0.15	0.650001	-17.3031	-15.8367	11.7035	11.7035	
35.500000	 0.149999	0.649997	-17.3031	-15.8367	11.7034	11.7034	
35.600000	 0.149999	0.649996	-17.3031	-15.8367	11.7034	11.7034	
35.700000	 0.149999	0.649996	-17.3031	-15.8367	11.7034	11.7034	
35.800000	 0.15	0.649998	-17.3031	-15.8367	11.7034	11.7034	
35.900000	 0.15	0.650001	-17.3031	-15.8367	11.7034	11.7034	
36.000000	 0.150001	0.650002	-17.3031	-15.8367	11.7035	11.7035	
36.100000	 0.150001	0.650003	-17.3031	-15.8367	11.7035	11.7035	
36.200000	 0.150001	0.650002	-17.3031	-15.8367	11.7035	11.7035	
36.300000	 0.15	0.650001	-17.3031	-15.8367	11.7035	11.7035	
36.400000	 0.15	0.649999	-17.3031	-15.8367	11.7034	11.7034	
36.500000	 0.15	0.649998	-17.3031	-15.8367	11.7034	11.7034	
36.600000	 0.15	0.649998	-17.3031	-15.8367	11.7034	11.7034	
36.700000	 0.15	0.649999	-17.3031	-15.8367	11.7034	11.7034	
36.800000	 0.15	0.65	-17.3031	-15.8367	11.7034	11.7034	
36.900000	 0.15	0.650001	-17.3031	-15.8367	11.7035	11.7035	
37.000000	 0.15	0.650001	-17.3031	-15.8367	11.7035	11.7035	
37.100000	 0.15	0.650001	-17.3031	-15.8367	11.7035	11.7035	
37.200000	 0.15	0.650001	-17.3031	-15.8367	11.7035	11.7035	
37.300000	 0.15	0.65	-17.3031	-15.8367	11.7034	11.7034	
37.400000	 0.15	0.649999	-17.3031	-15.8367	11.7034	11.7034	
37.500000	 0.15	0.649999	-17.3031	-15.8367	11.7034	11.7034	
37.600000	 0.15	0.649999	-17.3031	-15.8367	11.7034	11.7034	
37.700000	 0.15	0.65	-17.3031	-15.8367	11.7034	11.7034	
37.800000	 0.15	0.65	-17.3031	-15.8367	11.7034	11.7034	
37.900000	 0.15	0.650001	-17.3031	-15.8367	11.7035	11.7035	
38.000000	 0.15	0.650001	-17.3031	-15.8367	11.7035	11.7035	
38.100000	 0.15	0.65	-17.3031	-15.8367	11.7035	11.7035	
38.200000	 0.15	0.65	-17.3031	-15.8367	11.7034	11.7034	
38.300000	 0.15	0.65	-17.3031	-15.8367	11.7034	11.7034	
38.400000	 0.15	0.65	-17.3031	-15.8367	11.7034	11.7034	
38.500000	 0.15	0.65	-17.3031	-15.8367	11.7034	11.7034	
38.600000	 0.15	0.65	-17.3031	-15.8367	11.7034	11.7034	
38.700000	 0.15	0.65	-17.3031	-15.8367	11.7034	11.7034	
38.800000	 0.15	0.65	-17.3031	-15.8367	11.7034	11.7034	
38.900000	 0.15	0.65	-17.3031	-15.8367	11.7034	11.7034	
39.000000	 0.15	0.65	-17.3031	-15.8367	11.7034	11.7034	
39.100000	 0.15	0.65	-17.3031	-15.8367	11.7034	11.7034	
39.200000	 0.15	0.65	-17.3031	-15.8367	11.7034	11.7034	
39.300000	 0.15	0.65	-17.3031	-15.8367	11.7034	11.7034	
39.400000	 0.15	0.65	-17.3031	-15.8367	11.7034	11.7034	
39.500000	 0.15	0.65	-17.3031	-15.8367	11.7034	11.7034	
39.600000	 0.15	0.65	-17.3031	-15.8367	11.7034	11.7034	
39.700000	 0.15	0.65	-17.3031	-15.8367	11.7034	11.7034	
39.800000	 0.15	0.65	-17.3031	-15.8367	11.7034	11.7034	
39.900000	 0.15	0.65	-17.3031	-15.8367	11.7034	11.7034	
40.000000	 0.15	0.65	-17.3031	-15.8367	11.7034	11.7034	

