DENSITY
 0.000000	  0.000000	 0.37507	0.37507	
 0.250000	  0.000000	 0.375071	0.375071	
 0.500000	  0.000000	 0.375071	0.375071	
 0.750000	  0.000000	 0.37507	0.37507	
 1.000000	  0.000000	 0.375068	0.375068	
 1.250000	  0.000000	 0.375061	0.375061	
 1.500000	  0.000000	 0.375047	0.375047	
 1.750000	  0.000000	 0.375026	0.375026	
 2.000000	  0.000000	 0.374997	0.374997	
 2.250000	  0.000000	 0.374966	0.374966	
 2.500000	  0.000000	 0.374943	0.374943	
 2.750000	  0.000000	 0.37494	0.37494	
 3.000000	  0.000000	 0.374962	0.374962	
 3.250000	  0.000000	 0.375002	0.375002	
 3.500000	  0.000000	 0.37504	0.37504	
 3.750000	  0.000000	 0.375055	0.375055	
 4.000000	  0.000000	 0.375038	0.375038	
 4.250000	  0.000000	 0.375005	0.375005	
 4.500000	  0.000000	 0.374978	0.374978	
 4.750000	  0.000000	 0.374977	0.374977	
 5.000000	  0.000000	 0.374995	0.374995	
 5.250000	  0.000000	 0.375013	0.375013	
 5.500000	  0.000000	 0.375015	0.375015	
 5.750000	  0.000000	 0.375003	0.375003	
 6.000000	  0.000000	 0.374989	0.374989	
 6.250000	  0.000000	 0.374987	0.374987	
 6.500000	  0.000000	 0.374995	0.374995	
 6.750000	  0.000000	 0.375003	0.375003	
 7.000000	  0.000000	 0.375005	0.375005	
 7.250000	  0.000000	 0.375002	0.375002	
 7.500000	  0.000000	 0.375	0.375	
 7.750000	  0.000000	 0.375	0.375	
 8.000000	  0.000000	 0.375	0.375	
 8.250000	  0.000000	 0.375	0.375	
 8.500000	  0.000000	 0.374999	0.374999	
 8.750000	  0.000000	 0.374999	0.374999	
 9.000000	  0.000000	 0.375	0.375	
 9.250000	  0.000000	 0.375	0.375	
 9.500000	  0.000000	 0.375001	0.375001	

 0.000000	  0.250000	 0.374844	0.374844	
 0.250000	  0.250000	 0.374849	0.374849	
 0.500000	  0.250000	 0.374863	0.374863	
 0.750000	  0.250000	 0.374886	0.374886	
 1.000000	  0.250000	 0.374919	0.374919	
 1.250000	  0.250000	 0.374964	0.374964	
 1.500000	  0.250000	 0.375021	0.375021	
 1.750000	  0.250000	 0.375084	0.375084	
 2.000000	  0.250000	 0.375139	0.375139	
 2.250000	  0.250000	 0.375163	0.375163	
 2.500000	  0.250000	 0.375138	0.375138	
 2.750000	  0.250000	 0.375064	0.375064	
 3.000000	  0.250000	 0.374968	0.374968	
 3.250000	  0.250000	 0.374897	0.374897	
 3.500000	  0.250000	 0.374887	0.374887	
 3.750000	  0.250000	 0.374937	0.374937	
 4.000000	  0.250000	 0.375008	0.375008	
 4.250000	  0.250000	 0.375051	0.375051	
 4.500000	  0.250000	 0.375043	0.375043	
 4.750000	  0.250000	 0.375006	0.375006	
 5.000000	  0.250000	 0.374979	0.374979	
 5.250000	  0.250000	 0.374982	0.374982	
 5.500000	  0.250000	 0.375005	0.375005	
 5.750000	  0.250000	 0.375023	0.375023	
 6.000000	  0.250000	 0.37502	0.37502	
 6.250000	  0.250000	 0.375005	0.375005	
 6.500000	  0.250000	 0.374994	0.374994	
 6.750000	  0.250000	 0.374992	0.374992	
 7.000000	  0.250000	 0.374996	0.374996	
 7.250000	  0.250000	 0.374999	0.374999	
 7.500000	  0.250000	 0.374999	0.374999	
 7.750000	  0.250000	 0.375	0.375	
 8.000000	  0.250000	 0.375001	0.375001	
 8.250000	  0.250000	 0.375003	0.375003	
 8.500000	  0.250000	 0.375002	0.375002	
 8.750000	  0.250000	 0.374999	0.374999	
 9.000000	  0.250000	 0.374998	0.374998	
 9.250000	  0.250000	 0.374999	0.374999	
 9.500000	  0.250000	 0.375001	0.375001	

 0.000000	  0.500000	 0.374852	0.374852	
 0.250000	  0.500000	 0.374847	0.374847	
 0.500000	  0.500000	 0.374834	0.374834	
 0.750000	  0.500000	 0.374814	0.374814	
 1.000000	  0.500000	 0.374792	0.374792	
 1.250000	  0.500000	 0.374779	0.374779	
 1.500000	  0.500000	 0.374786	0.374786	
 1.750000	  0.500000	 0.37483	0.37483	
 2.000000	  0.500000	 0.374917	0.374917	
 2.250000	  0.500000	 0.375034	0.375034	
 2.500000	  0.500000	 0.375138	0.375138	
 2.750000	  0.500000	 0.375177	0.375177	
 3.000000	  0.500000	 0.375124	0.375124	
 3.250000	  0.500000	 0.375004	0.375004	
 3.500000	  0.500000	 0.374891	0.374891	
 3.750000	  0.500000	 0.374854	0.374854	
 4.000000	  0.500000	 0.374909	0.374909	
 4.250000	  0.500000	 0.375001	0.375001	
 4.500000	  0.500000	 0.375056	0.375056	
 4.750000	  0.500000	 0.375041	0.375041	
 5.000000	  0.500000	 0.374988	0.374988	
 5.250000	  0.500000	 0.374955	0.374955	
 5.500000	  0.500000	 0.374967	0.374967	
 5.750000	  0.500000	 0.375004	0.375004	
 6.000000	  0.500000	 0.375028	0.375028	
 6.250000	  0.500000	 0.375024	0.375024	
 6.500000	  0.500000	 0.375006	0.375006	
 6.750000	  0.500000	 0.374994	0.374994	
 7.000000	  0.500000	 0.374994	0.374994	
 7.250000	  0.500000	 0.374998	0.374998	
 7.500000	  0.500000	 0.374999	0.374999	
 7.750000	  0.500000	 0.374997	0.374997	
 8.000000	  0.500000	 0.374998	0.374998	
 8.250000	  0.500000	 0.375001	0.375001	
 8.500000	  0.500000	 0.375003	0.375003	
 8.750000	  0.500000	 0.375002	0.375002	
 9.000000	  0.500000	 0.375	0.375	
 9.250000	  0.500000	 0.374998	0.374998	
 9.500000	  0.500000	 0.374999	0.374999	

 0.000000	  0.750000	 0.375255	0.375255	
 0.250000	  0.750000	 0.375244	0.375244	
 0.500000	  0.750000	 0.375213	0.375213	
 0.750000	  0.750000	 0.37516	0.37516	
 1.000000	  0.750000	 0.375087	0.375087	
 1.250000	  0.750000	 0.374988	0.374988	
 1.500000	  0.750000	 0.37487	0.37487	
 1.750000	  0.750000	 0.374751	0.374751	
 2.000000	  0.750000	 0.374676	0.374676	
 2.250000	  0.750000	 0.374694	0.374694	
 2.500000	  0.750000	 0.374824	0.374824	
 2.750000	  0.750000	 0.37502	0.37502	
 3.000000	  0.750000	 0.375186	0.375186	
 3.250000	  0.750000	 0.375228	0.375228	
 3.500000	  0.750000	 0.375133	0.375133	
 3.750000	  0.750000	 0.374983	0.374983	
 4.000000	  0.750000	 0.374892	0.374892	
 4.250000	  0.750000	 0.374911	0.374911	
 4.500000	  0.750000	 0.374995	0.374995	
 4.750000	  0.750000	 0.375052	0.375052	
 5.000000	  0.750000	 0.375039	0.375039	
 5.250000	  0.750000	 0.374983	0.374983	
 5.500000	  0.750000	 0.374948	0.374948	
 5.750000	  0.750000	 0.374959	0.374959	
 6.000000	  0.750000	 0.374994	0.374994	
 6.250000	  0.750000	 0.375015	0.375015	
 6.500000	  0.750000	 0.375013	0.375013	
 6.750000	  0.750000	 0.375004	0.375004	
 7.000000	  0.750000	 0.375001	0.375001	
 7.250000	  0.750000	 0.375004	0.375004	
 7.500000	  0.750000	 0.375004	0.375004	
 7.750000	  0.750000	 0.374998	0.374998	
 8.000000	  0.750000	 0.374994	0.374994	
 8.250000	  0.750000	 0.374995	0.374995	
 8.500000	  0.750000	 0.375001	0.375001	
 8.750000	  0.750000	 0.375004	0.375004	
 9.000000	  0.750000	 0.375003	0.375003	
 9.250000	  0.750000	 0.375	0.375	
 9.500000	  0.750000	 0.374998	0.374998	

 0.000000	  1.000000	 0.375342	0.375342	
 0.250000	  1.000000	 0.37535	0.37535	
 0.500000	  1.000000	 0.375376	0.375376	
 0.750000	  1.000000	 0.375414	0.375414	
 1.000000	  1.000000	 0.375456	0.375456	
 1.250000	  1.000000	 0.375476	0.375476	
 1.500000	  1.000000	 0.375436	0.375436	
 1.750000	  1.000000	 0.375298	0.375298	
 2.000000	  1.000000	 0.375064	0.375064	
 2.250000	  1.000000	 0.374804	0.374804	
 2.500000	  1.000000	 0.374638	0.374638	
 2.750000	  1.000000	 0.374667	0.374667	
 3.000000	  1.000000	 0.374885	0.374885	
 3.250000	  1.000000	 0.375152	0.375152	
 3.500000	  1.000000	 0.375292	0.375292	
 3.750000	  1.000000	 0.37523	0.37523	
 4.000000	  1.000000	 0.375049	0.375049	
 4.250000	  1.000000	 0.374914	0.374914	
 4.500000	  1.000000	 0.374916	0.374916	
 4.750000	  1.000000	 0.375012	0.375012	
 5.000000	  1.000000	 0.375084	0.375084	
 5.250000	  1.000000	 0.37507	0.37507	
 5.500000	  1.000000	 0.375003	0.375003	
 5.750000	  1.000000	 0.374955	0.374955	
 6.000000	  1.000000	 0.374957	0.374957	
 6.250000	  1.000000	 0.374985	0.374985	
 6.500000	  1.000000	 0.375003	0.375003	
 6.750000	  1.000000	 0.375003	0.375003	
 7.000000	  1.000000	 0.375001	0.375001	
 7.250000	  1.000000	 0.375005	0.375005	
 7.500000	  1.000000	 0.37501	0.37501	
 7.750000	  1.000000	 0.375006	0.375006	
 8.000000	  1.000000	 0.374997	0.374997	
 8.250000	  1.000000	 0.374992	0.374992	
 8.500000	  1.000000	 0.374995	0.374995	
 8.750000	  1.000000	 0.375001	0.375001	
 9.000000	  1.000000	 0.375004	0.375004	
 9.250000	  1.000000	 0.375002	0.375002	
 9.500000	  1.000000	 0.374999	0.374999	

 0.000000	  1.250000	 0.37457	0.37457	
 0.250000	  1.250000	 0.374593	0.374593	
 0.500000	  1.250000	 0.37466	0.37466	
 0.750000	  1.250000	 0.374775	0.374775	
 1.000000	  1.250000	 0.374945	0.374945	
 1.250000	  1.250000	 0.375174	0.375174	
 1.500000	  1.250000	 0.375436	0.375436	
 1.750000	  1.250000	 0.375651	0.375651	
 2.000000	  1.250000	 0.3757	0.3757	
 2.250000	  1.250000	 0.3755	0.3755	
 2.500000	  1.250000	 0.375096	0.375096	
 2.750000	  1.250000	 0.374689	0.374689	
 3.000000	  1.250000	 0.374516	0.374516	
 3.250000	  1.250000	 0.374665	0.374665	
 3.500000	  1.250000	 0.374989	0.374989	
 3.750000	  1.250000	 0.375224	0.375224	
 4.000000	  1.250000	 0.375214	0.375214	
 4.250000	  1.250000	 0.375035	0.375035	
 4.500000	  1.250000	 0.37489	0.37489	
 4.750000	  1.250000	 0.374904	0.374904	
 5.000000	  1.250000	 0.375021	0.375021	
 5.250000	  1.250000	 0.375107	0.375107	
 5.500000	  1.250000	 0.375091	0.375091	
 5.750000	  1.250000	 0.375021	0.375021	
 6.000000	  1.250000	 0.374975	0.374975	
 6.250000	  1.250000	 0.374976	0.374976	
 6.500000	  1.250000	 0.374993	0.374993	
 6.750000	  1.250000	 0.374995	0.374995	
 7.000000	  1.250000	 0.374989	0.374989	
 7.250000	  1.250000	 0.374991	0.374991	
 7.500000	  1.250000	 0.375004	0.375004	
 7.750000	  1.250000	 0.375013	0.375013	
 8.000000	  1.250000	 0.375009	0.375009	
 8.250000	  1.250000	 0.374999	0.374999	
 8.500000	  1.250000	 0.374993	0.374993	
 8.750000	  1.250000	 0.374995	0.374995	
 9.000000	  1.250000	 0.375	0.375	
 9.250000	  1.250000	 0.375002	0.375002	
 9.500000	  1.250000	 0.375002	0.375002	

 0.000000	  1.500000	 0.374228	0.374228	
 0.250000	  1.500000	 0.374218	0.374218	
 0.500000	  1.500000	 0.374182	0.374182	
 0.750000	  1.500000	 0.374118	0.374118	
 1.000000	  1.500000	 0.374051	0.374051	
 1.250000	  1.500000	 0.374056	0.374056	
 1.500000	  1.500000	 0.374235	0.374235	
 1.750000	  1.500000	 0.374647	0.374647	
 2.000000	  1.500000	 0.37521	0.37521	
 2.250000	  1.500000	 0.375676	0.375676	
 2.500000	  1.500000	 0.375767	0.375767	
 2.750000	  1.500000	 0.375404	0.375404	
 3.000000	  1.500000	 0.374825	0.374825	
 3.250000	  1.500000	 0.374437	0.374437	
 3.500000	  1.500000	 0.374482	0.374482	
 3.750000	  1.500000	 0.374835	0.374835	
 4.000000	  1.500000	 0.375145	0.375145	
 4.250000	  1.500000	 0.375171	0.375171	
 4.500000	  1.500000	 0.374983	0.374983	
 4.750000	  1.500000	 0.374828	0.374828	
 5.000000	  1.500000	 0.374851	0.374851	
 5.250000	  1.500000	 0.374986	0.374986	
 5.500000	  1.500000	 0.375082	0.375082	
 5.750000	  1.500000	 0.375077	0.375077	
 6.000000	  1.500000	 0.375027	0.375027	
 6.250000	  1.500000	 0.375002	0.375002	
 6.500000	  1.500000	 0.375007	0.375007	
 6.750000	  1.500000	 0.375008	0.375008	
 7.000000	  1.500000	 0.374991	0.374991	
 7.250000	  1.500000	 0.374976	0.374976	
 7.500000	  1.500000	 0.374983	0.374983	
 7.750000	  1.500000	 0.375003	0.375003	
 8.000000	  1.500000	 0.375015	0.375015	
 8.250000	  1.500000	 0.375012	0.375012	
 8.500000	  1.500000	 0.375	0.375	
 8.750000	  1.500000	 0.374993	0.374993	
 9.000000	  1.500000	 0.374994	0.374994	
 9.250000	  1.500000	 0.374999	0.374999	
 9.500000	  1.500000	 0.375003	0.375003	

 0.000000	  1.750000	 0.375711	0.375711	
 0.250000	  1.750000	 0.375666	0.375666	
 0.500000	  1.750000	 0.37553	0.37553	
 0.750000	  1.750000	 0.375283	0.375283	
 1.000000	  1.750000	 0.374889	0.374889	
 1.250000	  1.750000	 0.374351	0.374351	
 1.500000	  1.750000	 0.373795	0.373795	
 1.750000	  1.750000	 0.373486	0.373486	
 2.000000	  1.750000	 0.373697	0.373697	
 2.250000	  1.750000	 0.374453	0.374453	
 2.500000	  1.750000	 0.375397	0.375397	
 2.750000	  1.750000	 0.375959	0.375959	
 3.000000	  1.750000	 0.375806	0.375806	
 3.250000	  1.750000	 0.375151	0.375151	
 3.500000	  1.750000	 0.374582	0.374582	
 3.750000	  1.750000	 0.374521	0.374521	
 4.000000	  1.750000	 0.374875	0.374875	
 4.250000	  1.750000	 0.375205	0.375205	
 4.500000	  1.750000	 0.375209	0.375209	
 4.750000	  1.750000	 0.374976	0.374976	
 5.000000	  1.750000	 0.374796	0.374796	
 5.250000	  1.750000	 0.374817	0.374817	
 5.500000	  1.750000	 0.374947	0.374947	
 5.750000	  1.750000	 0.37503	0.37503	
 6.000000	  1.750000	 0.375028	0.375028	
 6.250000	  1.750000	 0.375007	0.375007	
 6.500000	  1.750000	 0.375016	0.375016	
 6.750000	  1.750000	 0.375034	0.375034	
 7.000000	  1.750000	 0.375025	0.375025	
 7.250000	  1.750000	 0.374992	0.374992	
 7.500000	  1.750000	 0.374971	0.374971	
 7.750000	  1.750000	 0.374979	0.374979	
 8.000000	  1.750000	 0.375001	0.375001	
 8.250000	  1.750000	 0.375014	0.375014	
 8.500000	  1.750000	 0.375011	0.375011	
 8.750000	  1.750000	 0.375	0.375	
 9.000000	  1.750000	 0.374994	0.374994	
 9.250000	  1.750000	 0.374996	0.374996	
 9.500000	  1.750000	 0.375001	0.375001	

 0.000000	  2.000000	 0.376681	0.376681	
 0.250000	  2.000000	 0.376698	0.376698	
 0.500000	  2.000000	 0.37676	0.37676	
 0.750000	  2.000000	 0.376868	0.376868	
 1.000000	  2.000000	 0.376942	0.376942	
 1.250000	  2.000000	 0.376771	0.376771	
 1.500000	  2.000000	 0.376115	0.376115	
 1.750000	  2.000000	 0.374984	0.374984	
 2.000000	  2.000000	 0.373823	0.373823	
 2.250000	  2.000000	 0.373319	0.373319	
 2.500000	  2.000000	 0.373848	0.373848	
 2.750000	  2.000000	 0.375059	0.375059	
 3.000000	  2.000000	 0.376051	0.376051	
 3.250000	  2.000000	 0.376137	0.376137	
 3.500000	  2.000000	 0.375451	0.375451	
 3.750000	  2.000000	 0.374757	0.374757	
 4.000000	  2.000000	 0.374645	0.374645	
 4.250000	  2.000000	 0.37502	0.37502	
 4.500000	  2.000000	 0.375354	0.375354	
 4.750000	  2.000000	 0.375318	0.375318	
 5.000000	  2.000000	 0.375048	0.375048	
 5.250000	  2.000000	 0.374859	0.374859	
 5.500000	  2.000000	 0.374869	0.374869	
 5.750000	  2.000000	 0.374954	0.374954	
 6.000000	  2.000000	 0.374982	0.374982	
 6.250000	  2.000000	 0.374963	0.374963	
 6.500000	  2.000000	 0.374971	0.374971	
 6.750000	  2.000000	 0.375017	0.375017	
 7.000000	  2.000000	 0.375052	0.375052	
 7.250000	  2.000000	 0.375038	0.375038	
 7.500000	  2.000000	 0.374998	0.374998	
 7.750000	  2.000000	 0.374973	0.374973	
 8.000000	  2.000000	 0.374978	0.374978	
 8.250000	  2.000000	 0.374997	0.374997	
 8.500000	  2.000000	 0.37501	0.37501	
 8.750000	  2.000000	 0.37501	0.37501	
 9.000000	  2.000000	 0.375004	0.375004	
 9.250000	  2.000000	 0.374998	0.374998	
 9.500000	  2.000000	 0.374996	0.374996	

 0.000000	  2.250000	 0.373855	0.373855	
 0.250000	  2.250000	 0.37393	0.37393	
 0.500000	  2.250000	 0.374199	0.374199	
 0.750000	  2.250000	 0.374771	0.374771	
 1.000000	  2.250000	 0.375736	0.375736	
 1.250000	  2.250000	 0.376984	0.376984	
 1.500000	  2.250000	 0.378024	0.378024	
 1.750000	  2.250000	 0.37811	0.37811	
 2.000000	  2.250000	 0.376846	0.376846	
 2.250000	  2.250000	 0.374786	0.374786	
 2.500000	  2.250000	 0.373231	0.373231	
 2.750000	  2.250000	 0.373188	0.373188	
 3.000000	  2.250000	 0.374445	0.374445	
 3.250000	  2.250000	 0.375754	0.375754	
 3.500000	  2.250000	 0.37603	0.37603	
 3.750000	  2.250000	 0.375336	0.375336	
 4.000000	  2.250000	 0.374616	0.374616	
 4.250000	  2.250000	 0.374569	0.374569	
 4.500000	  2.250000	 0.375033	0.375033	
 4.750000	  2.250000	 0.375395	0.375395	
 5.000000	  2.250000	 0.375352	0.375352	
 5.250000	  2.250000	 0.375111	0.375111	
 5.500000	  2.250000	 0.374977	0.374977	
 5.750000	  2.250000	 0.374992	0.374992	
 6.000000	  2.250000	 0.375011	0.375011	
 6.250000	  2.250000	 0.374961	0.374961	
 6.500000	  2.250000	 0.374912	0.374912	
 6.750000	  2.250000	 0.374937	0.374937	
 7.000000	  2.250000	 0.37501	0.37501	
 7.250000	  2.250000	 0.375056	0.375056	
 7.500000	  2.250000	 0.375044	0.375044	
 7.750000	  2.250000	 0.375004	0.375004	
 8.000000	  2.250000	 0.374977	0.374977	
 8.250000	  2.250000	 0.374977	0.374977	
 8.500000	  2.250000	 0.374994	0.374994	
 8.750000	  2.250000	 0.375009	0.375009	
 9.000000	  2.250000	 0.375012	0.375012	
 9.250000	  2.250000	 0.375004	0.375004	
 9.500000	  2.250000	 0.374995	0.374995	

 0.000000	  2.500000	 0.371586	0.371586	
 0.250000	  2.500000	 0.371507	0.371507	
 0.500000	  2.500000	 0.371272	0.371272	
 0.750000	  2.500000	 0.370994	0.370994	
 1.000000	  2.500000	 0.371044	0.371044	
 1.250000	  2.500000	 0.371988	0.371988	
 1.500000	  2.500000	 0.374118	0.374118	
 1.750000	  2.500000	 0.376822	0.376822	
 2.000000	  2.500000	 0.378563	0.378563	
 2.250000	  2.500000	 0.37802	0.37802	
 2.500000	  2.500000	 0.375549	0.375549	
 2.750000	  2.500000	 0.373132	0.373132	
 3.000000	  2.500000	 0.37258	0.37258	
 3.250000	  2.500000	 0.373874	0.373874	
 3.500000	  2.500000	 0.375397	0.375397	
 3.750000	  2.500000	 0.375724	0.375724	
 4.000000	  2.500000	 0.374971	0.374971	
 4.250000	  2.500000	 0.374276	0.374276	
 4.500000	  2.500000	 0.374347	0.374347	
 4.750000	  2.500000	 0.374881	0.374881	
 5.000000	  2.500000	 0.375227	0.375227	
 5.250000	  2.500000	 0.375196	0.375196	
 5.500000	  2.500000	 0.375067	0.375067	
 5.750000	  2.500000	 0.375065	0.375065	
 6.000000	  2.500000	 0.375122	0.375122	
 6.250000	  2.500000	 0.375088	0.375088	
 6.500000	  2.500000	 0.374969	0.374969	
 6.750000	  2.500000	 0.37489	0.37489	
 7.000000	  2.500000	 0.374917	0.374917	
 7.250000	  2.500000	 0.374997	0.374997	
 7.500000	  2.500000	 0.375049	0.375049	
 7.750000	  2.500000	 0.375044	0.375044	
 8.000000	  2.500000	 0.37501	0.37501	
 8.250000	  2.500000	 0.374983	0.374983	
 8.500000	  2.500000	 0.374979	0.374979	
 8.750000	  2.500000	 0.374993	0.374993	
 9.000000	  2.500000	 0.375007	0.375007	
 9.250000	  2.500000	 0.375009	0.375009	
 9.500000	  2.500000	 0.374999	0.374999	

 0.000000	  2.750000	 0.37649	0.37649	
 0.250000	  2.750000	 0.376458	0.376458	
 0.500000	  2.750000	 0.376063	0.376063	
 0.750000	  2.750000	 0.374698	0.374698	
 1.000000	  2.750000	 0.372188	0.372188	
 1.250000	  2.750000	 0.369426	0.369426	
 1.500000	  2.750000	 0.368187	0.368187	
 1.750000	  2.750000	 0.369896	0.369896	
 2.000000	  2.750000	 0.374076	0.374076	
 2.250000	  2.750000	 0.378038	0.378038	
 2.500000	  2.750000	 0.378921	0.378921	
 2.750000	  2.750000	 0.376544	0.376544	
 3.000000	  2.750000	 0.373622	0.373622	
 3.250000	  2.750000	 0.372816	0.372816	
 3.500000	  2.750000	 0.374195	0.374195	
 3.750000	  2.750000	 0.375734	0.375734	
 4.000000	  2.750000	 0.375856	0.375856	
 4.250000	  2.750000	 0.37492	0.37492	
 4.500000	  2.750000	 0.374233	0.374233	
 4.750000	  2.750000	 0.374351	0.374351	
 5.000000	  2.750000	 0.374788	0.374788	
 5.250000	  2.750000	 0.374971	0.374971	
 5.500000	  2.750000	 0.374912	0.374912	
 5.750000	  2.750000	 0.374925	0.374925	
 6.000000	  2.750000	 0.375086	0.375086	
 6.250000	  2.750000	 0.375204	0.375204	
 6.500000	  2.750000	 0.375146	0.375146	
 6.750000	  2.750000	 0.374993	0.374993	
 7.000000	  2.750000	 0.374898	0.374898	
 7.250000	  2.750000	 0.374913	0.374913	
 7.500000	  2.750000	 0.374982	0.374982	
 7.750000	  2.750000	 0.375034	0.375034	
 8.000000	  2.750000	 0.375041	0.375041	
 8.250000	  2.750000	 0.375018	0.375018	
 8.500000	  2.750000	 0.37499	0.37499	
 8.750000	  2.750000	 0.37498	0.37498	
 9.000000	  2.750000	 0.374989	0.374989	
 9.250000	  2.750000	 0.375003	0.375003	
 9.500000	  2.750000	 0.375008	0.375008	

 0.000000	  3.000000	 0.382129	0.382129	
 0.250000	  3.000000	 0.382282	0.382282	
 0.500000	  3.000000	 0.382898	0.382898	
 0.750000	  3.000000	 0.383646	0.383646	
 1.000000	  3.000000	 0.382882	0.382882	
 1.250000	  3.000000	 0.378968	0.378968	
 1.500000	  3.000000	 0.372722	0.372722	
 1.750000	  3.000000	 0.367738	0.367738	
 2.000000	  3.000000	 0.367573	0.367573	
 2.250000	  3.000000	 0.372353	0.372353	
 2.500000	  3.000000	 0.378071	0.378071	
 2.750000	  3.000000	 0.380031	0.380031	
 3.000000	  3.000000	 0.377581	0.377581	
 3.250000	  3.000000	 0.374318	0.374318	
 3.500000	  3.000000	 0.373564	0.373564	
 3.750000	  3.000000	 0.375112	0.375112	
 4.000000	  3.000000	 0.376497	0.376497	
 4.250000	  3.000000	 0.376284	0.376284	
 4.500000	  3.000000	 0.375241	0.375241	
 4.750000	  3.000000	 0.374671	0.374671	
 5.000000	  3.000000	 0.374779	0.374779	
 5.250000	  3.000000	 0.374938	0.374938	
 5.500000	  3.000000	 0.374813	0.374813	
 5.750000	  3.000000	 0.374664	0.374664	
 6.000000	  3.000000	 0.374774	0.374774	
 6.250000	  3.000000	 0.375048	0.375048	
 6.500000	  3.000000	 0.375213	0.375213	
 6.750000	  3.000000	 0.37517	0.37517	
 7.000000	  3.000000	 0.375027	0.375027	
 7.250000	  3.000000	 0.374927	0.374927	
 7.500000	  3.000000	 0.374915	0.374915	
 7.750000	  3.000000	 0.374964	0.374964	
 8.000000	  3.000000	 0.375021	0.375021	
 8.250000	  3.000000	 0.375043	0.375043	
 8.500000	  3.000000	 0.375024	0.375024	
 8.750000	  3.000000	 0.37499	0.37499	
 9.000000	  3.000000	 0.374975	0.374975	
 9.250000	  3.000000	 0.374988	0.374988	
 9.500000	  3.000000	 0.375011	0.375011	

 0.000000	  3.250000	 0.372976	0.372976	
 0.250000	  3.250000	 0.373199	0.373199	
 0.500000	  3.250000	 0.374373	0.374373	
 0.750000	  3.250000	 0.37785	0.37785	
 1.000000	  3.250000	 0.383935	0.383935	
 1.250000	  3.250000	 0.389156	0.389156	
 1.500000	  3.250000	 0.387994	0.387994	
 1.750000	  3.250000	 0.379524	0.379524	
 2.000000	  3.250000	 0.370007	0.370007	
 2.250000	  3.250000	 0.366777	0.366777	
 2.500000	  3.250000	 0.371147	0.371147	
 2.750000	  3.250000	 0.377586	0.377586	
 3.000000	  3.250000	 0.379655	0.379655	
 3.250000	  3.250000	 0.37678	0.37678	
 3.500000	  3.250000	 0.373568	0.373568	
 3.750000	  3.250000	 0.373398	0.373398	
 4.000000	  3.250000	 0.375283	0.375283	
 4.250000	  3.250000	 0.376482	0.376482	
 4.500000	  3.250000	 0.37612	0.37612	
 4.750000	  3.250000	 0.375377	0.375377	
 5.000000	  3.250000	 0.375231	0.375231	
 5.250000	  3.250000	 0.375397	0.375397	
 5.500000	  3.250000	 0.375254	0.375254	
 5.750000	  3.250000	 0.374824	0.374824	
 6.000000	  3.250000	 0.374567	0.374567	
 6.250000	  3.250000	 0.374686	0.374686	
 6.500000	  3.250000	 0.374976	0.374976	
 6.750000	  3.250000	 0.375164	0.375164	
 7.000000	  3.250000	 0.375169	0.375169	
 7.250000	  3.250000	 0.375065	0.375065	
 7.500000	  3.250000	 0.374957	0.374957	
 7.750000	  3.250000	 0.374916	0.374916	
 8.000000	  3.250000	 0.374952	0.374952	
 8.250000	  3.250000	 0.375017	0.375017	
 8.500000	  3.250000	 0.375045	0.375045	
 8.750000	  3.250000	 0.375021	0.375021	
 9.000000	  3.250000	 0.374984	0.374984	
 9.250000	  3.250000	 0.37498	0.37498	
 9.500000	  3.250000	 0.375004	0.375004	

 0.000000	  3.500000	 0.359993	0.359993	
 0.250000	  3.500000	 0.359049	0.359049	
 0.500000	  3.500000	 0.357165	0.357165	
 0.750000	  3.500000	 0.356941	0.356941	
 1.000000	  3.500000	 0.362097	0.362097	
 1.250000	  3.500000	 0.374451	0.374451	
 1.500000	  3.500000	 0.388541	0.388541	
 1.750000	  3.500000	 0.393015	0.393015	
 2.000000	  3.500000	 0.383687	0.383687	
 2.250000	  3.500000	 0.370346	0.370346	
 2.500000	  3.500000	 0.365015	0.365015	
 2.750000	  3.500000	 0.369588	0.369588	
 3.000000	  3.500000	 0.376358	0.376358	
 3.250000	  3.500000	 0.377792	0.377792	
 3.500000	  3.500000	 0.374478	0.374478	
 3.750000	  3.500000	 0.371907	0.371907	
 4.000000	  3.500000	 0.372613	0.372613	
 4.250000	  3.500000	 0.374572	0.374572	
 4.500000	  3.500000	 0.375349	0.375349	
 4.750000	  3.500000	 0.375039	0.375039	
 5.000000	  3.500000	 0.374977	0.374977	
 5.250000	  3.500000	 0.375479	0.375479	
 5.500000	  3.500000	 0.375811	0.375811	
 5.750000	  3.500000	 0.375525	0.375525	
 6.000000	  3.500000	 0.37496	0.37496	
 6.250000	  3.500000	 0.374629	0.374629	
 6.500000	  3.500000	 0.374666	0.374666	
 6.750000	  3.500000	 0.374891	0.374891	
 7.000000	  3.500000	 0.375094	0.375094	
 7.250000	  3.500000	 0.375165	0.375165	
 7.500000	  3.500000	 0.375097	0.375097	
 7.750000	  3.500000	 0.374976	0.374976	
 8.000000	  3.500000	 0.374914	0.374914	
 8.250000	  3.500000	 0.374948	0.374948	
 8.500000	  3.500000	 0.375017	0.375017	
 8.750000	  3.500000	 0.375043	0.375043	
 9.000000	  3.500000	 0.375017	0.375017	
 9.250000	  3.500000	 0.374989	0.374989	
 9.500000	  3.500000	 0.37499	0.37499	

 0.000000	  3.750000	 0.382289	0.382289	
 0.250000	  3.750000	 0.379901	0.379901	
 0.500000	  3.750000	 0.37199	0.37199	
 0.750000	  3.750000	 0.359124	0.359124	
 1.000000	  3.750000	 0.3473	0.3473	
 1.250000	  3.750000	 0.345939	0.345939	
 1.500000	  3.750000	 0.360192	0.360192	
 1.750000	  3.750000	 0.382077	0.382077	
 2.000000	  3.750000	 0.392729	0.392729	
 2.250000	  3.750000	 0.383974	0.383974	
 2.500000	  3.750000	 0.369607	0.369607	
 2.750000	  3.750000	 0.365273	0.365273	
 3.000000	  3.750000	 0.371405	0.371405	
 3.250000	  3.750000	 0.377804	0.377804	
 3.500000	  3.750000	 0.37765	0.37765	
 3.750000	  3.750000	 0.373927	0.373927	
 4.000000	  3.750000	 0.372223	0.372223	
 4.250000	  3.750000	 0.373264	0.373264	
 4.500000	  3.750000	 0.374335	0.374335	
 4.750000	  3.750000	 0.374137	0.374137	
 5.000000	  3.750000	 0.373786	0.373786	
 5.250000	  3.750000	 0.374323	0.374323	
 5.500000	  3.750000	 0.375312	0.375312	
 5.750000	  3.750000	 0.375828	0.375828	
 6.000000	  3.750000	 0.37564	0.37564	
 6.250000	  3.750000	 0.375154	0.375154	
 6.500000	  3.750000	 0.37478	0.37478	
 6.750000	  3.750000	 0.374674	0.374674	
 7.000000	  3.750000	 0.374809	0.374809	
 7.250000	  3.750000	 0.375038	0.375038	
 7.500000	  3.750000	 0.37517	0.37517	
 7.750000	  3.750000	 0.375118	0.375118	
 8.000000	  3.750000	 0.374978	0.374978	
 8.250000	  3.750000	 0.374907	0.374907	
 8.500000	  3.750000	 0.37495	0.37495	
 8.750000	  3.750000	 0.375025	0.375025	
 9.000000	  3.750000	 0.375047	0.375047	
 9.250000	  3.750000	 0.375015	0.375015	
 9.500000	  3.750000	 0.37498	0.37498	

 0.000000	  4.000000	 0.395368	0.395368	
 0.250000	  4.000000	 0.405021	0.405021	
 0.500000	  4.000000	 0.420391	0.420391	
 0.750000	  4.000000	 0.415329	0.415329	
 1.000000	  4.000000	 0.384424	0.384424	
 1.250000	  4.000000	 0.35003	0.35003	
 1.500000	  4.000000	 0.336511	0.336511	
 1.750000	  4.000000	 0.351462	0.351462	
 2.000000	  4.000000	 0.380243	0.380243	
 2.250000	  4.000000	 0.394608	0.394608	
 2.500000	  4.000000	 0.384983	0.384983	
 2.750000	  4.000000	 0.371218	0.371218	
 3.000000	  4.000000	 0.369801	0.369801	
 3.250000	  4.000000	 0.377031	0.377031	
 3.500000	  4.000000	 0.381281	0.381281	
 3.750000	  4.000000	 0.379038	0.379038	
 4.000000	  4.000000	 0.375682	0.375682	
 4.250000	  4.000000	 0.375108	0.375108	
 4.500000	  4.000000	 0.375779	0.375779	
 4.750000	  4.000000	 0.375265	0.375265	
 5.000000	  4.000000	 0.37388	0.37388	
 5.250000	  4.000000	 0.373263	0.373263	
 5.500000	  4.000000	 0.373868	0.373868	
 5.750000	  4.000000	 0.37489	0.37489	
 6.000000	  4.000000	 0.375546	0.375546	
 6.250000	  4.000000	 0.375649	0.375649	
 6.500000	  4.000000	 0.375352	0.375352	
 6.750000	  4.000000	 0.374922	0.374922	
 7.000000	  4.000000	 0.374669	0.374669	
 7.250000	  4.000000	 0.374752	0.374752	
 7.500000	  4.000000	 0.375023	0.375023	
 7.750000	  4.000000	 0.375184	0.375184	
 8.000000	  4.000000	 0.375115	0.375115	
 8.250000	  4.000000	 0.374959	0.374959	
 8.500000	  4.000000	 0.374905	0.374905	
 8.750000	  4.000000	 0.37497	0.37497	
 9.000000	  4.000000	 0.375043	0.375043	
 9.250000	  4.000000	 0.375038	0.375038	
 9.500000	  4.000000	 0.374985	0.374985	

 0.000000	  4.250000	 0.36943	0.36943	
 0.250000	  4.250000	 0.367848	0.367848	
 0.500000	  4.250000	 0.38454	0.38454	
 0.750000	  4.250000	 0.430891	0.430891	
 1.000000	  4.250000	 0.454836	0.454836	
 1.250000	  4.250000	 0.416697	0.416697	
 1.500000	  4.250000	 0.359751	0.359751	
 1.750000	  4.250000	 0.33729	0.33729	
 2.000000	  4.250000	 0.355053	0.355053	
 2.250000	  4.250000	 0.386197	0.386197	
 2.500000	  4.250000	 0.395408	0.395408	
 2.750000	  4.250000	 0.381073	0.381073	
 3.000000	  4.250000	 0.369572	0.369572	
 3.250000	  4.250000	 0.371869	0.371869	
 3.500000	  4.250000	 0.378553	0.378553	
 3.750000	  4.250000	 0.379901	0.379901	
 4.000000	  4.250000	 0.377336	0.377336	
 4.250000	  4.250000	 0.376384	0.376384	
 4.500000	  4.250000	 0.377611	0.377611	
 4.750000	  4.250000	 0.37806	0.37806	
 5.000000	  4.250000	 0.376583	0.376583	
 5.250000	  4.250000	 0.37463	0.37463	
 5.500000	  4.250000	 0.373631	0.373631	
 5.750000	  4.250000	 0.37372	0.37372	
 6.000000	  4.250000	 0.374407	0.374407	
 6.250000	  4.250000	 0.375202	0.375202	
 6.500000	  4.250000	 0.375651	0.375651	
 6.750000	  4.250000	 0.375501	0.375501	
 7.000000	  4.250000	 0.374987	0.374987	
 7.250000	  4.250000	 0.374647	0.374647	
 7.500000	  4.250000	 0.374744	0.374744	
 7.750000	  4.250000	 0.375047	0.375047	
 8.000000	  4.250000	 0.375187	0.375187	
 8.250000	  4.250000	 0.375083	0.375083	
 8.500000	  4.250000	 0.374939	0.374939	
 8.750000	  4.250000	 0.374923	0.374923	
 9.000000	  4.250000	 0.374998	0.374998	
 9.250000	  4.250000	 0.375036	0.375036	
 9.500000	  4.250000	 0.375002	0.375002	

 0.000000	  4.500000	 0.321469	0.321469	
 0.250000	  4.500000	 0.312781	0.312781	
 0.500000	  4.500000	 0.291468	0.291468	
 0.750000	  4.500000	 0.309885	0.309885	
 1.000000	  4.500000	 0.392254	0.392254	
 1.250000	  4.500000	 0.469039	0.469039	
 1.500000	  4.500000	 0.435127	0.435127	
 1.750000	  4.500000	 0.362567	0.362567	
 2.000000	  4.500000	 0.3398	0.3398	
 2.250000	  4.500000	 0.361065	0.361065	
 2.500000	  4.500000	 0.386095	0.386095	
 2.750000	  4.500000	 0.383911	0.383911	
 3.000000	  4.500000	 0.368387	0.368387	
 3.250000	  4.500000	 0.363576	0.363576	
 3.500000	  4.500000	 0.369187	0.369187	
 3.750000	  4.500000	 0.373456	0.373456	
 4.000000	  4.500000	 0.372726	0.372726	
 4.250000	  4.500000	 0.372021	0.372021	
 4.500000	  4.500000	 0.37429	0.37429	
 4.750000	  4.500000	 0.37726	0.37726	
 5.000000	  4.500000	 0.378292	0.378292	
 5.250000	  4.500000	 0.377391	0.377391	
 5.500000	  4.500000	 0.375804	0.375804	
 5.750000	  4.500000	 0.374396	0.374396	
 6.000000	  4.500000	 0.373702	0.373702	
 6.250000	  4.500000	 0.374023	0.374023	
 6.500000	  4.500000	 0.374988	0.374988	
 6.750000	  4.500000	 0.37568	0.37568	
 7.000000	  4.500000	 0.375555	0.375555	
 7.250000	  4.500000	 0.374971	0.374971	
 7.500000	  4.500000	 0.374634	0.374634	
 7.750000	  4.500000	 0.374782	0.374782	
 8.000000	  4.500000	 0.375084	0.375084	
 8.250000	  4.500000	 0.375173	0.375173	
 8.500000	  4.500000	 0.375047	0.375047	
 8.750000	  4.500000	 0.374931	0.374931	
 9.000000	  4.500000	 0.37494	0.37494	
 9.250000	  4.500000	 0.375004	0.375004	
 9.500000	  4.500000	 0.375023	0.375023	

 0.000000	  4.750000	 0.37005	0.37005	
 0.250000	  4.750000	 0.337721	0.337721	
 0.500000	  4.750000	 0.270036	0.270036	
 0.750000	  4.750000	 0.235741	0.235741	
 1.000000	  4.750000	 0.264914	0.264914	
 1.250000	  4.750000	 0.374163	0.374163	
 1.500000	  4.750000	 0.469842	0.469842	
 1.750000	  4.750000	 0.416458	0.416458	
 2.000000	  4.750000	 0.347387	0.347387	
 2.250000	  4.750000	 0.340737	0.340737	
 2.500000	  4.750000	 0.367908	0.367908	
 2.750000	  4.750000	 0.383331	0.383331	
 3.000000	  4.750000	 0.374495	0.374495	
 3.250000	  4.750000	 0.365432	0.365432	
 3.500000	  4.750000	 0.367642	0.367642	
 3.750000	  4.750000	 0.372002	0.372002	
 4.000000	  4.750000	 0.371105	0.371105	
 4.250000	  4.750000	 0.368218	0.368218	
 4.500000	  4.750000	 0.368356	0.368356	
 4.750000	  4.750000	 0.371382	0.371382	
 5.000000	  4.750000	 0.374677	0.374677	
 5.250000	  4.750000	 0.376866	0.376866	
 5.500000	  4.750000	 0.377635	0.377635	
 5.750000	  4.750000	 0.376819	0.376819	
 6.000000	  4.750000	 0.375002	0.375002	
 6.250000	  4.750000	 0.373675	0.373675	
 6.500000	  4.750000	 0.373836	0.373836	
 6.750000	  4.750000	 0.374954	0.374954	
 7.000000	  4.750000	 0.375711	0.375711	
 7.250000	  4.750000	 0.375515	0.375515	
 7.500000	  4.750000	 0.374902	0.374902	
 7.750000	  4.750000	 0.374638	0.374638	
 8.000000	  4.750000	 0.37485	0.37485	
 8.250000	  4.750000	 0.375128	0.375128	
 8.500000	  4.750000	 0.375151	0.375151	
 8.750000	  4.750000	 0.375002	0.375002	
 9.000000	  4.750000	 0.374912	0.374912	
 9.250000	  4.750000	 0.374956	0.374956	
 9.500000	  4.750000	 0.375035	0.375035	

 0.000000	  5.000000	 0.79687	0.79687	
 0.250000	  5.000000	 0.673315	0.673315	
 0.500000	  5.000000	 0.44967	0.44967	
 0.750000	  5.000000	 0.273094	0.273094	
 1.000000	  5.000000	 0.22039	0.22039	
 1.250000	  5.000000	 0.264644	0.264644	
 1.500000	  5.000000	 0.390272	0.390272	
 1.750000	  5.000000	 0.448761	0.448761	
 2.000000	  5.000000	 0.378358	0.378358	
 2.250000	  5.000000	 0.34418	0.34418	
 2.500000	  5.000000	 0.363425	0.363425	
 2.750000	  5.000000	 0.389999	0.389999	
 3.000000	  5.000000	 0.391579	0.391579	
 3.250000	  5.000000	 0.381322	0.381322	
 3.500000	  5.000000	 0.379811	0.379811	
 3.750000	  5.000000	 0.383576	0.383576	
 4.000000	  5.000000	 0.382533	0.382533	
 4.250000	  5.000000	 0.376688	0.376688	
 4.500000	  5.000000	 0.371565	0.371565	
 4.750000	  5.000000	 0.369463	0.369463	
 5.000000	  5.000000	 0.369742	0.369742	
 5.250000	  5.000000	 0.371932	0.371932	
 5.500000	  5.000000	 0.375275	0.375275	
 5.750000	  5.000000	 0.377659	0.377659	
 6.000000	  5.000000	 0.37737	0.37737	
 6.250000	  5.000000	 0.375234	0.375234	
 6.500000	  5.000000	 0.373639	0.373639	
 6.750000	  5.000000	 0.373854	0.373854	
 7.000000	  5.000000	 0.375051	0.375051	
 7.250000	  5.000000	 0.375719	0.375719	
 7.500000	  5.000000	 0.375399	0.375399	
 7.750000	  5.000000	 0.374806	0.374806	
 8.000000	  5.000000	 0.37467	0.37467	
 8.250000	  5.000000	 0.374951	0.374951	
 8.500000	  5.000000	 0.375166	0.375166	
 8.750000	  5.000000	 0.375097	0.375097	
 9.000000	  5.000000	 0.374938	0.374938	
 9.250000	  5.000000	 0.374922	0.374922	
 9.500000	  5.000000	 0.375028	0.375028	

 0.000000	  5.250000	 0	0	
 0.250000	  5.250000	 0	0	
 0.500000	  5.250000	 1.3292	1.3292	
 0.750000	  5.250000	 0.552888	0.552888	
 1.000000	  5.250000	 0.270939	0.270939	
 1.250000	  5.250000	 0.233677	0.233677	
 1.500000	  5.250000	 0.307316	0.307316	
 1.750000	  5.250000	 0.428911	0.428911	
 2.000000	  5.250000	 0.418551	0.418551	
 2.250000	  5.250000	 0.367739	0.367739	
 2.500000	  5.250000	 0.369031	0.369031	
 2.750000	  5.250000	 0.390971	0.390971	
 3.000000	  5.250000	 0.395492	0.395492	
 3.250000	  5.250000	 0.385123	0.385123	
 3.500000	  5.250000	 0.381303	0.381303	
 3.750000	  5.250000	 0.38622	0.38622	
 4.000000	  5.250000	 0.389742	0.389742	
 4.250000	  5.250000	 0.388187	0.388187	
 4.500000	  5.250000	 0.384068	0.384068	
 4.750000	  5.250000	 0.378809	0.378809	
 5.000000	  5.250000	 0.373068	0.373068	
 5.250000	  5.250000	 0.369446	0.369446	
 5.500000	  5.250000	 0.370318	0.370318	
 5.750000	  5.250000	 0.374398	0.374398	
 6.000000	  5.250000	 0.377627	0.377627	
 6.250000	  5.250000	 0.37746	0.37746	
 6.500000	  5.250000	 0.375164	0.375164	
 6.750000	  5.250000	 0.37362	0.37362	
 7.000000	  5.250000	 0.37402	0.37402	
 7.250000	  5.250000	 0.375226	0.375226	
 7.500000	  5.250000	 0.37569	0.37569	
 7.750000	  5.250000	 0.375222	0.375222	
 8.000000	  5.250000	 0.374715	0.374715	
 8.250000	  5.250000	 0.374754	0.374754	
 8.500000	  5.250000	 0.375061	0.375061	
 8.750000	  5.250000	 0.375155	0.375155	
 9.000000	  5.250000	 0.375013	0.375013	
 9.250000	  5.250000	 0.374925	0.374925	
 9.500000	  5.250000	 0.375003	0.375003	

 0.000000	  5.500000	 0	0	
 0.250000	  5.500000	 0	0	
 0.500000	  5.500000	 0	0	
 0.750000	  5.500000	 1.31442	1.31442	
 1.000000	  5.500000	 0.442465	0.442465	
 1.250000	  5.500000	 0.267723	0.267723	
 1.500000	  5.500000	 0.293351	0.293351	
 1.750000	  5.500000	 0.393367	0.393367	
 2.000000	  5.500000	 0.433548	0.433548	
 2.250000	  5.500000	 0.381219	0.381219	
 2.500000	  5.500000	 0.358746	0.358746	
 2.750000	  5.500000	 0.367203	0.367203	
 3.000000	  5.500000	 0.368942	0.368942	
 3.250000	  5.500000	 0.359402	0.359402	
 3.500000	  5.500000	 0.355166	0.355166	
 3.750000	  5.500000	 0.361173	0.361173	
 4.000000	  5.500000	 0.369675	0.369675	
 4.250000	  5.500000	 0.376774	0.376774	
 4.500000	  5.500000	 0.383372	0.383372	
 4.750000	  5.500000	 0.387072	0.387072	
 5.000000	  5.500000	 0.383947	0.383947	
 5.250000	  5.500000	 0.375899	0.375899	
 5.500000	  5.500000	 0.369783	0.369783	
 5.750000	  5.500000	 0.369877	0.369877	
 6.000000	  5.500000	 0.374207	0.374207	
 6.250000	  5.500000	 0.377599	0.377599	
 6.500000	  5.500000	 0.377263	0.377263	
 6.750000	  5.500000	 0.374891	0.374891	
 7.000000	  5.500000	 0.37361	0.37361	
 7.250000	  5.500000	 0.374306	0.374306	
 7.500000	  5.500000	 0.375446	0.375446	
 7.750000	  5.500000	 0.375595	0.375595	
 8.000000	  5.500000	 0.375002	0.375002	
 8.250000	  5.500000	 0.374673	0.374673	
 8.500000	  5.500000	 0.37488	0.37488	
 8.750000	  5.500000	 0.375132	0.375132	
 9.000000	  5.500000	 0.375104	0.375104	
 9.250000	  5.500000	 0.374973	0.374973	
 9.500000	  5.500000	 0.374968	0.374968	

 0.000000	  5.750000	 0	0	
 0.250000	  5.750000	 0	0	
 0.500000	  5.750000	 0	0	
 0.750000	  5.750000	 0	0	
 1.000000	  5.750000	 0.664913	0.664913	
 1.250000	  5.750000	 0.341006	0.341006	
 1.500000	  5.750000	 0.321551	0.321551	
 1.750000	  5.750000	 0.377761	0.377761	
 2.000000	  5.750000	 0.406181	0.406181	
 2.250000	  5.750000	 0.36762	0.36762	
 2.500000	  5.750000	 0.336933	0.336933	
 2.750000	  5.750000	 0.344861	0.344861	
 3.000000	  5.750000	 0.352847	0.352847	
 3.250000	  5.750000	 0.348774	0.348774	
 3.500000	  5.750000	 0.344525	0.344525	
 3.750000	  5.750000	 0.345875	0.345875	
 4.000000	  5.750000	 0.34839	0.34839	
 4.250000	  5.750000	 0.351781	0.351781	
 4.500000	  5.750000	 0.36105	0.36105	
 4.750000	  5.750000	 0.375428	0.375428	
 5.000000	  5.750000	 0.386011	0.386011	
 5.250000	  5.750000	 0.38556	0.38556	
 5.500000	  5.750000	 0.377181	0.377181	
 5.750000	  5.750000	 0.370163	0.370163	
 6.000000	  5.750000	 0.370026	0.370026	
 6.250000	  5.750000	 0.374508	0.374508	
 6.500000	  5.750000	 0.377688	0.377688	
 6.750000	  5.750000	 0.37685	0.37685	
 7.000000	  5.750000	 0.374423	0.374423	
 7.250000	  5.750000	 0.373668	0.373668	
 7.500000	  5.750000	 0.374739	0.374739	
 7.750000	  5.750000	 0.375641	0.375641	
 8.000000	  5.750000	 0.375383	0.375383	
 8.250000	  5.750000	 0.374778	0.374778	
 8.500000	  5.750000	 0.374712	0.374712	
 8.750000	  5.750000	 0.375025	0.375025	
 9.000000	  5.750000	 0.375167	0.375167	
 9.250000	  5.750000	 0.375051	0.375051	
 9.500000	  5.750000	 0.374939	0.374939	

 0.000000	  6.000000	 0	0	
 0.250000	  6.000000	 0	0	
 0.500000	  6.000000	 0	0	
 0.750000	  6.000000	 0	0	
 1.000000	  6.000000	 0.800697	0.800697	
 1.250000	  6.000000	 0.381166	0.381166	
 1.500000	  6.000000	 0.328613	0.328613	
 1.750000	  6.000000	 0.363656	0.363656	
 2.000000	  6.000000	 0.374101	0.374101	
 2.250000	  6.000000	 0.357289	0.357289	
 2.500000	  6.000000	 0.344757	0.344757	
 2.750000	  6.000000	 0.374883	0.374883	
 3.000000	  6.000000	 0.404374	0.404374	
 3.250000	  6.000000	 0.411616	0.411616	
 3.500000	  6.000000	 0.406365	0.406365	
 3.750000	  6.000000	 0.396005	0.396005	
 4.000000	  6.000000	 0.378915	0.378915	
 4.250000	  6.000000	 0.359278	0.359278	
 4.500000	  6.000000	 0.348837	0.348837	
 4.750000	  6.000000	 0.354124	0.354124	
 5.000000	  6.000000	 0.370213	0.370213	
 5.250000	  6.000000	 0.384076	0.384076	
 5.500000	  6.000000	 0.385632	0.385632	
 5.750000	  6.000000	 0.377287	0.377287	
 6.000000	  6.000000	 0.370025	0.370025	
 6.250000	  6.000000	 0.370495	0.370495	
 6.500000	  6.000000	 0.375387	0.375387	
 6.750000	  6.000000	 0.377819	0.377819	
 7.000000	  6.000000	 0.376069	0.376069	
 7.250000	  6.000000	 0.373864	0.373864	
 7.500000	  6.000000	 0.37398	0.37398	
 7.750000	  6.000000	 0.375281	0.375281	
 8.000000	  6.000000	 0.375658	0.375658	
 8.250000	  6.000000	 0.375041	0.375041	
 8.500000	  6.000000	 0.374642	0.374642	
 8.750000	  6.000000	 0.37487	0.37487	
 9.000000	  6.000000	 0.375169	0.375169	
 9.250000	  6.000000	 0.375129	0.375129	
 9.500000	  6.000000	 0.374929	0.374929	

 0.000000	  6.250000	 0	0	
 0.250000	  6.250000	 0	0	
 0.500000	  6.250000	 0	0	
 0.750000	  6.250000	 0	0	
 1.000000	  6.250000	 0.686483	0.686483	
 1.250000	  6.250000	 0.345408	0.345408	
 1.500000	  6.250000	 0.306962	0.306962	
 1.750000	  6.250000	 0.345276	0.345276	
 2.000000	  6.250000	 0.383011	0.383011	
 2.250000	  6.250000	 0.386026	0.386026	
 2.500000	  6.250000	 0.399895	0.399895	
 2.750000	  6.250000	 0.439509	0.439509	
 3.000000	  6.250000	 0.449651	0.449651	
 3.250000	  6.250000	 0.431849	0.431849	
 3.500000	  6.250000	 0.425895	0.425895	
 3.750000	  6.250000	 0.439222	0.439222	
 4.000000	  6.250000	 0.443222	0.443222	
 4.250000	  6.250000	 0.41817	0.41817	
 4.500000	  6.250000	 0.380368	0.380368	
 4.750000	  6.250000	 0.355048	0.355048	
 5.000000	  6.250000	 0.352978	0.352978	
 5.250000	  6.250000	 0.368181	0.368181	
 5.500000	  6.250000	 0.38373	0.38373	
 5.750000	  6.250000	 0.385397	0.385397	
 6.000000	  6.250000	 0.37591	0.37591	
 6.250000	  6.250000	 0.369352	0.369352	
 6.500000	  6.250000	 0.371735	0.371735	
 6.750000	  6.250000	 0.376772	0.376772	
 7.000000	  6.250000	 0.377495	0.377495	
 7.250000	  6.250000	 0.37488	0.37488	
 7.500000	  6.250000	 0.373594	0.373594	
 7.750000	  6.250000	 0.374659	0.374659	
 8.000000	  6.250000	 0.375687	0.375687	
 8.250000	  6.250000	 0.375367	0.375367	
 8.500000	  6.250000	 0.374712	0.374712	
 8.750000	  6.250000	 0.374725	0.374725	
 9.000000	  6.250000	 0.3751	0.3751	
 9.250000	  6.250000	 0.375178	0.375178	
 9.500000	  6.250000	 0.374943	0.374943	

 0.000000	  6.500000	 0	0	
 0.250000	  6.500000	 0	0	
 0.500000	  6.500000	 0	0	
 0.750000	  6.500000	 1.329	1.329	
 1.000000	  6.500000	 0.454134	0.454134	
 1.250000	  6.500000	 0.265387	0.265387	
 1.500000	  6.500000	 0.274385	0.274385	
 1.750000	  6.500000	 0.366267	0.366267	
 2.000000	  6.500000	 0.438521	0.438521	
 2.250000	  6.500000	 0.422816	0.422816	
 2.500000	  6.500000	 0.40163	0.40163	
 2.750000	  6.500000	 0.380762	0.380762	
 3.000000	  6.500000	 0.347548	0.347548	
 3.250000	  6.500000	 0.322246	0.322246	
 3.500000	  6.500000	 0.31804	0.31804	
 3.750000	  6.500000	 0.338832	0.338832	
 4.000000	  6.500000	 0.381266	0.381266	
 4.250000	  6.500000	 0.421034	0.421034	
 4.500000	  6.500000	 0.426432	0.426432	
 4.750000	  6.500000	 0.393537	0.393537	
 5.000000	  6.500000	 0.358844	0.358844	
 5.250000	  6.500000	 0.352631	0.352631	
 5.500000	  6.500000	 0.369517	0.369517	
 5.750000	  6.500000	 0.385599	0.385599	
 6.000000	  6.500000	 0.383822	0.383822	
 6.250000	  6.500000	 0.372817	0.372817	
 6.500000	  6.500000	 0.36928	0.36928	
 6.750000	  6.500000	 0.374168	0.374168	
 7.000000	  6.500000	 0.377845	0.377845	
 7.250000	  6.500000	 0.376248	0.376248	
 7.500000	  6.500000	 0.373776	0.373776	
 7.750000	  6.500000	 0.374015	0.374015	
 8.000000	  6.500000	 0.375436	0.375436	
 8.250000	  6.500000	 0.375635	0.375635	
 8.500000	  6.500000	 0.374908	0.374908	
 8.750000	  6.500000	 0.374645	0.374645	
 9.000000	  6.500000	 0.374987	0.374987	
 9.250000	  6.500000	 0.375179	0.375179	
 9.500000	  6.500000	 0.374974	0.374974	

 0.000000	  6.750000	 0	0	
 0.250000	  6.750000	 0	0	
 0.500000	  6.750000	 1.32792	1.32792	
 0.750000	  6.750000	 0.55992	0.55992	
 1.000000	  6.750000	 0.267496	0.267496	
 1.250000	  6.750000	 0.220902	0.220902	
 1.500000	  6.750000	 0.293244	0.293244	
 1.750000	  6.750000	 0.448952	0.448952	
 2.000000	  6.750000	 0.465898	0.465898	
 2.250000	  6.750000	 0.378222	0.378222	
 2.500000	  6.750000	 0.322056	0.322056	
 2.750000	  6.750000	 0.284772	0.284772	
 3.000000	  6.750000	 0.260594	0.260594	
 3.250000	  6.750000	 0.249376	0.249376	
 3.500000	  6.750000	 0.246995	0.246995	
 3.750000	  6.750000	 0.254395	0.254395	
 4.000000	  6.750000	 0.282481	0.282481	
 4.250000	  6.750000	 0.336831	0.336831	
 4.500000	  6.750000	 0.3952	0.3952	
 4.750000	  6.750000	 0.424913	0.424913	
 5.000000	  6.750000	 0.394373	0.394373	
 5.250000	  6.750000	 0.355282	0.355282	
 5.500000	  6.750000	 0.353886	0.353886	
 5.750000	  6.750000	 0.375468	0.375468	
 6.000000	  6.750000	 0.3875	0.3875	
 6.250000	  6.750000	 0.379157	0.379157	
 6.500000	  6.750000	 0.369574	0.369574	
 6.750000	  6.750000	 0.371327	0.371327	
 7.000000	  6.750000	 0.376969	0.376969	
 7.250000	  6.750000	 0.377432	0.377432	
 7.500000	  6.750000	 0.374474	0.374474	
 7.750000	  6.750000	 0.373572	0.373572	
 8.000000	  6.750000	 0.374975	0.374975	
 8.250000	  6.750000	 0.375746	0.375746	
 8.500000	  6.750000	 0.375163	0.375163	
 8.750000	  6.750000	 0.37466	0.37466	
 9.000000	  6.750000	 0.374873	0.374873	
 9.250000	  6.750000	 0.375139	0.375139	
 9.500000	  6.750000	 0.375006	0.375006	

 0.000000	  7.000000	 0.774703	0.774703	
 0.250000	  7.000000	 0.669349	0.669349	
 0.500000	  7.000000	 0.461568	0.461568	
 0.750000	  7.000000	 0.2764	0.2764	
 1.000000	  7.000000	 0.208756	0.208756	
 1.250000	  7.000000	 0.243689	0.243689	
 1.500000	  7.000000	 0.395735	0.395735	
 1.750000	  7.000000	 0.512924	0.512924	
 2.000000	  7.000000	 0.401896	0.401896	
 2.250000	  7.000000	 0.301935	0.301935	
 2.500000	  7.000000	 0.274811	0.274811	
 2.750000	  7.000000	 0.286497	0.286497	
 3.000000	  7.000000	 0.331527	0.331527	
 3.250000	  7.000000	 0.350295	0.350295	
 3.500000	  7.000000	 0.349574	0.349574	
 3.750000	  7.000000	 0.326244	0.326244	
 4.000000	  7.000000	 0.28185	0.28185	
 4.250000	  7.000000	 0.284693	0.284693	
 4.500000	  7.000000	 0.326792	0.326792	
 4.750000	  7.000000	 0.396527	0.396527	
 5.000000	  7.000000	 0.428619	0.428619	
 5.250000	  7.000000	 0.381394	0.381394	
 5.500000	  7.000000	 0.349118	0.349118	
 5.750000	  7.000000	 0.36149	0.36149	
 6.000000	  7.000000	 0.384186	0.384186	
 6.250000	  7.000000	 0.384896	0.384896	
 6.500000	  7.000000	 0.372361	0.372361	
 6.750000	  7.000000	 0.369313	0.369313	
 7.000000	  7.000000	 0.375249	0.375249	
 7.250000	  7.000000	 0.378079	0.378079	
 7.500000	  7.000000	 0.375474	0.375474	
 7.750000	  7.000000	 0.373474	0.373474	
 8.000000	  7.000000	 0.374455	0.374455	
 8.250000	  7.000000	 0.375666	0.375666	
 8.500000	  7.000000	 0.375385	0.375385	
 8.750000	  7.000000	 0.374751	0.374751	
 9.000000	  7.000000	 0.374799	0.374799	
 9.250000	  7.000000	 0.375084	0.375084	
 9.500000	  7.000000	 0.375027	0.375027	

 0.000000	  7.250000	 0.360156	0.360156	
 0.250000	  7.250000	 0.339434	0.339434	
 0.500000	  7.250000	 0.282479	0.282479	
 0.750000	  7.250000	 0.237676	0.237676	
 1.000000	  7.250000	 0.24601	0.24601	
 1.250000	  7.250000	 0.352331	0.352331	
 1.500000	  7.250000	 0.515321	0.515321	
 1.750000	  7.250000	 0.462802	0.462802	
 2.000000	  7.250000	 0.311115	0.311115	
 2.250000	  7.250000	 0.259498	0.259498	
 2.500000	  7.250000	 0.299786	0.299786	
 2.750000	  7.250000	 0.465539	0.465539	
 3.000000	  7.250000	 0.743703	0.743703	
 3.250000	  7.250000	 1.02477	1.02477	
 3.500000	  7.250000	 1.03493	1.03493	
 3.750000	  7.250000	 0.74555	0.74555	
 4.000000	  7.250000	 0.456422	0.456422	
 4.250000	  7.250000	 0.303068	0.303068	
 4.500000	  7.250000	 0.283073	0.283073	
 4.750000	  7.250000	 0.336461	0.336461	
 5.000000	  7.250000	 0.422025	0.422025	
 5.250000	  7.250000	 0.418241	0.418241	
 5.500000	  7.250000	 0.358677	0.358677	
 5.750000	  7.250000	 0.35133	0.35133	
 6.000000	  7.250000	 0.376527	0.376527	
 6.250000	  7.250000	 0.387823	0.387823	
 6.500000	  7.250000	 0.376366	0.376366	
 6.750000	  7.250000	 0.368513	0.368513	
 7.000000	  7.250000	 0.373202	0.373202	
 7.250000	  7.250000	 0.378055	0.378055	
 7.500000	  7.250000	 0.376475	0.376475	
 7.750000	  7.250000	 0.373726	0.373726	
 8.000000	  7.250000	 0.374052	0.374052	
 8.250000	  7.250000	 0.375458	0.375458	
 8.500000	  7.250000	 0.375505	0.375505	
 8.750000	  7.250000	 0.37486	0.37486	
 9.000000	  7.250000	 0.374775	0.374775	
 9.250000	  7.250000	 0.375041	0.375041	
 9.500000	  7.250000	 0.375036	0.375036	

 0.000000	  7.500000	 0.312719	0.312719	
 0.250000	  7.500000	 0.315586	0.315586	
 0.500000	  7.500000	 0.305588	0.305588	
 0.750000	  7.500000	 0.308269	0.308269	
 1.000000	  7.500000	 0.362716	0.362716	
 1.250000	  7.500000	 0.46656	0.46656	
 1.500000	  7.500000	 0.503884	0.503884	
 1.750000	  7.500000	 0.360812	0.360812	
 2.000000	  7.500000	 0.249807	0.249807	
 2.250000	  7.500000	 0.264799	0.264799	
 2.500000	  7.500000	 0.461764	0.461764	
 2.750000	  7.500000	 1.09897	1.09897	
 3.000000	  7.500000	 0	0	
 3.250000	  7.500000	 0	0	
 3.500000	  7.500000	 0	0	
 3.750000	  7.500000	 0	0	
 4.000000	  7.500000	 1.08538	1.08538	
 4.250000	  7.500000	 0.452061	0.452061	
 4.500000	  7.500000	 0.277859	0.277859	
 4.750000	  7.500000	 0.279713	0.279713	
 5.000000	  7.500000	 0.379627	0.379627	
 5.250000	  7.500000	 0.441581	0.441581	
 5.500000	  7.500000	 0.377212	0.377212	
 5.750000	  7.500000	 0.347095	0.347095	
 6.000000	  7.500000	 0.368545	0.368545	
 6.250000	  7.500000	 0.388169	0.388169	
 6.500000	  7.500000	 0.38035	0.38035	
 6.750000	  7.500000	 0.368895	0.368895	
 7.000000	  7.500000	 0.371356	0.371356	
 7.250000	  7.500000	 0.377454	0.377454	
 7.500000	  7.500000	 0.377166	0.377166	
 7.750000	  7.500000	 0.374159	0.374159	
 8.000000	  7.500000	 0.373874	0.373874	
 8.250000	  7.500000	 0.375253	0.375253	
 8.500000	  7.500000	 0.375529	0.375529	
 8.750000	  7.500000	 0.37493	0.37493	
 9.000000	  7.500000	 0.374774	0.374774	
 9.250000	  7.500000	 0.37502	0.37502	
 9.500000	  7.500000	 0.375043	0.375043	

 0.000000	  7.750000	 0.359948	0.359948	
 0.250000	  7.750000	 0.371439	0.371439	
 0.500000	  7.750000	 0.399719	0.399719	
 0.750000	  7.750000	 0.42031	0.42031	
 1.000000	  7.750000	 0.420812	0.420812	
 1.250000	  7.750000	 0.438748	0.438748	
 1.500000	  7.750000	 0.419726	0.419726	
 1.750000	  7.750000	 0.303008	0.303008	
 2.000000	  7.750000	 0.237912	0.237912	
 2.250000	  7.750000	 0.328798	0.328798	
 2.500000	  7.750000	 0.766658	0.766658	
 2.750000	  7.750000	 0	0	
 3.000000	  7.750000	 0	0	
 3.250000	  7.750000	 0	0	
 3.500000	  7.750000	 0	0	
 3.750000	  7.750000	 0	0	
 4.000000	  7.750000	 0	0	
 4.250000	  7.750000	 0.741605	0.741605	
 4.500000	  7.750000	 0.324759	0.324759	
 4.750000	  7.750000	 0.253833	0.253833	
 5.000000	  7.750000	 0.338704	0.338704	
 5.250000	  7.750000	 0.439523	0.439523	
 5.500000	  7.750000	 0.396233	0.396233	
 5.750000	  7.750000	 0.346296	0.346296	
 6.000000	  7.750000	 0.362107	0.362107	
 6.250000	  7.750000	 0.387151	0.387151	
 6.500000	  7.750000	 0.383405	0.383405	
 6.750000	  7.750000	 0.370127	0.370127	
 7.000000	  7.750000	 0.370234	0.370234	
 7.250000	  7.750000	 0.37666	0.37666	
 7.500000	  7.750000	 0.377387	0.377387	
 7.750000	  7.750000	 0.374492	0.374492	
 8.000000	  7.750000	 0.373878	0.373878	
 8.250000	  7.750000	 0.375167	0.375167	
 8.500000	  7.750000	 0.375526	0.375526	
 8.750000	  7.750000	 0.374942	0.374942	
 9.000000	  7.750000	 0.374755	0.374755	
 9.250000	  7.750000	 0.375011	0.375011	
 9.500000	  7.750000	 0.375057	0.375057	

 0.000000	  8.000000	 0.386848	0.386848	
 0.250000	  8.000000	 0.409292	0.409292	
 0.500000	  8.000000	 0.433509	0.433509	
 0.750000	  8.000000	 0.399636	0.399636	
 1.000000	  8.000000	 0.356192	0.356192	
 1.250000	  8.000000	 0.382058	0.382058	
 1.500000	  8.000000	 0.38759	0.38759	
 1.750000	  8.000000	 0.303971	0.303971	
 2.000000	  8.000000	 0.254787	0.254787	
 2.250000	  8.000000	 0.370593	0.370593	
 2.500000	  8.000000	 1.06058	1.06058	
 2.750000	  8.000000	 0	0	
 3.000000	  8.000000	 0	0	
 3.250000	  8.000000	 0	0	
 3.500000	  8.000000	 0	0	
 3.750000	  8.000000	 0	0	
 4.000000	  8.000000	 0	0	
 4.250000	  8.000000	 1.0482	1.0482	
 4.500000	  8.000000	 0.355314	0.355314	
 4.750000	  8.000000	 0.251018	0.251018	
 5.000000	  8.000000	 0.32191	0.32191	
 5.250000	  8.000000	 0.429639	0.429639	
 5.500000	  8.000000	 0.409121	0.409121	
 5.750000	  8.000000	 0.346477	0.346477	
 6.000000	  8.000000	 0.357847	0.357847	
 6.250000	  8.000000	 0.385553	0.385553	
 6.500000	  8.000000	 0.384788	0.384788	
 6.750000	  8.000000	 0.371399	0.371399	
 7.000000	  8.000000	 0.370099	0.370099	
 7.250000	  8.000000	 0.376234	0.376234	
 7.500000	  8.000000	 0.377269	0.377269	
 7.750000	  8.000000	 0.374516	0.374516	
 8.000000	  8.000000	 0.373904	0.373904	
 8.250000	  8.000000	 0.375215	0.375215	
 8.500000	  8.000000	 0.375573	0.375573	
 8.750000	  8.000000	 0.374927	0.374927	
 9.000000	  8.000000	 0.374705	0.374705	
 9.250000	  8.000000	 0.374992	0.374992	
 9.500000	  8.000000	 0.375081	0.375081	

 0.000000	  8.250000	 0.37434	0.37434	
 0.250000	  8.250000	 0.383913	0.383913	
 0.500000	  8.250000	 0.382775	0.382775	
 0.750000	  8.250000	 0.344729	0.344729	
 1.000000	  8.250000	 0.321913	0.321913	
 1.250000	  8.250000	 0.379067	0.379067	
 1.500000	  8.250000	 0.417819	0.417819	
 1.750000	  8.250000	 0.332856	0.332856	
 2.000000	  8.250000	 0.264007	0.264007	
 2.250000	  8.250000	 0.361317	0.361317	
 2.500000	  8.250000	 1.01656	1.01656	
 2.750000	  8.250000	 0	0	
 3.000000	  8.250000	 0	0	
 3.250000	  8.250000	 0	0	
 3.500000	  8.250000	 0	0	
 3.750000	  8.250000	 0	0	
 4.000000	  8.250000	 0	0	
 4.250000	  8.250000	 1.03555	1.03555	
 4.500000	  8.250000	 0.352567	0.352567	
 4.750000	  8.250000	 0.250672	0.250672	
 5.000000	  8.250000	 0.323478	0.323478	
 5.250000	  8.250000	 0.432627	0.432627	
 5.500000	  8.250000	 0.41142	0.41142	
 5.750000	  8.250000	 0.347265	0.347265	
 6.000000	  8.250000	 0.357192	0.357192	
 6.250000	  8.250000	 0.38429	0.38429	
 6.500000	  8.250000	 0.384117	0.384117	
 6.750000	  8.250000	 0.371608	0.371608	
 7.000000	  8.250000	 0.370665	0.370665	
 7.250000	  8.250000	 0.376533	0.376533	
 7.500000	  8.250000	 0.377141	0.377141	
 7.750000	  8.250000	 0.374261	0.374261	
 8.000000	  8.250000	 0.373814	0.373814	
 8.250000	  8.250000	 0.375308	0.375308	
 8.500000	  8.250000	 0.375678	0.375678	
 8.750000	  8.250000	 0.374932	0.374932	
 9.000000	  8.250000	 0.374647	0.374647	
 9.250000	  8.250000	 0.374959	0.374959	
 9.500000	  8.250000	 0.375102	0.375102	

 0.000000	  8.500000	 0.350878	0.350878	
 0.250000	  8.500000	 0.361911	0.361911	
 0.500000	  8.500000	 0.368814	0.368814	
 0.750000	  8.500000	 0.346241	0.346241	
 1.000000	  8.500000	 0.335675	0.335675	
 1.250000	  8.500000	 0.397794	0.397794	
 1.500000	  8.500000	 0.459565	0.459565	
 1.750000	  8.500000	 0.35792	0.35792	
 2.000000	  8.500000	 0.258977	0.258977	
 2.250000	  8.500000	 0.316546	0.316546	
 2.500000	  8.500000	 0.707398	0.707398	
 2.750000	  8.500000	 0	0	
 3.000000	  8.500000	 0	0	
 3.250000	  8.500000	 0	0	
 3.500000	  8.500000	 0	0	
 3.750000	  8.500000	 0	0	
 4.000000	  8.500000	 0	0	
 4.250000	  8.500000	 0.726193	0.726193	
 4.500000	  8.500000	 0.319477	0.319477	
 4.750000	  8.500000	 0.251918	0.251918	
 5.000000	  8.500000	 0.339505	0.339505	
 5.250000	  8.500000	 0.443022	0.443022	
 5.500000	  8.500000	 0.400038	0.400038	
 5.750000	  8.500000	 0.34848	0.34848	
 6.000000	  8.500000	 0.36163	0.36163	
 6.250000	  8.500000	 0.384955	0.384955	
 6.500000	  8.500000	 0.381862	0.381862	
 6.750000	  8.500000	 0.370256	0.370256	
 7.000000	  8.500000	 0.371295	0.371295	
 7.250000	  8.500000	 0.377365	0.377365	
 7.500000	  8.500000	 0.377221	0.377221	
 7.750000	  8.500000	 0.373964	0.373964	
 8.000000	  8.500000	 0.373642	0.373642	
 8.250000	  8.500000	 0.375341	0.375341	
 8.500000	  8.500000	 0.375766	0.375766	
 8.750000	  8.500000	 0.374969	0.374969	
 9.000000	  8.500000	 0.374624	0.374624	
 9.250000	  8.500000	 0.374927	0.374927	
 9.500000	  8.500000	 0.375108	0.375108	

 0.000000	  8.750000	 0.36047	0.36047	
 0.250000	  8.750000	 0.374443	0.374443	
 0.500000	  8.750000	 0.390308	0.390308	
 0.750000	  8.750000	 0.374978	0.374978	
 1.000000	  8.750000	 0.356189	0.356189	
 1.250000	  8.750000	 0.389256	0.389256	
 1.500000	  8.750000	 0.452196	0.452196	
 1.750000	  8.750000	 0.380749	0.380749	
 2.000000	  8.750000	 0.274869	0.274869	
 2.250000	  8.750000	 0.272553	0.272553	
 2.500000	  8.750000	 0.450392	0.450392	
 2.750000	  8.750000	 1.0984	1.0984	
 3.000000	  8.750000	 0	0	
 3.250000	  8.750000	 0	0	
 3.500000	  8.750000	 0	0	
 3.750000	  8.750000	 0	0	
 4.000000	  8.750000	 1.09229	1.09229	
 4.250000	  8.750000	 0.454431	0.454431	
 4.500000	  8.750000	 0.277812	0.277812	
 4.750000	  8.750000	 0.277562	0.277562	
 5.000000	  8.750000	 0.375104	0.375104	
 5.250000	  8.750000	 0.437456	0.437456	
 5.500000	  8.750000	 0.377052	0.377052	
 5.750000	  8.750000	 0.349328	0.349328	
 6.000000	  8.750000	 0.370316	0.370316	
 6.250000	  8.750000	 0.387966	0.387966	
 6.500000	  8.750000	 0.379145	0.379145	
 6.750000	  8.750000	 0.36824	0.36824	
 7.000000	  8.750000	 0.371671	0.371671	
 7.250000	  8.750000	 0.378079	0.378079	
 7.500000	  8.750000	 0.37734	0.37734	
 7.750000	  8.750000	 0.37386	0.37386	
 8.000000	  8.750000	 0.373589	0.373589	
 8.250000	  8.750000	 0.375293	0.375293	
 8.500000	  8.750000	 0.375735	0.375735	
 8.750000	  8.750000	 0.375004	0.375004	
 9.000000	  8.750000	 0.374672	0.374672	
 9.250000	  8.750000	 0.374927	0.374927	
 9.500000	  8.750000	 0.375087	0.375087	

 0.000000	  9.000000	 0.367522	0.367522	
 0.250000	  9.000000	 0.381705	0.381705	
 0.500000	  9.000000	 0.401952	0.401952	
 0.750000	  9.000000	 0.390058	0.390058	
 1.000000	  9.000000	 0.357326	0.357326	
 1.250000	  9.000000	 0.356087	0.356087	
 1.500000	  9.000000	 0.407627	0.407627	
 1.750000	  9.000000	 0.411313	0.411313	
 2.000000	  9.000000	 0.335441	0.335441	
 2.250000	  9.000000	 0.291306	0.291306	
 2.500000	  9.000000	 0.316695	0.316695	
 2.750000	  9.000000	 0.473075	0.473075	
 3.000000	  9.000000	 0.762715	0.762715	
 3.250000	  9.000000	 1.06028	1.06028	
 3.500000	  9.000000	 1.05971	1.05971	
 3.750000	  9.000000	 0.759079	0.759079	
 4.000000	  9.000000	 0.467906	0.467906	
 4.250000	  9.000000	 0.313814	0.313814	
 4.500000	  9.000000	 0.292539	0.292539	
 4.750000	  9.000000	 0.341421	0.341421	
 5.000000	  9.000000	 0.418869	0.418869	
 5.250000	  9.000000	 0.410284	0.410284	
 5.500000	  9.000000	 0.353522	0.353522	
 5.750000	  9.000000	 0.350935	0.350935	
 6.000000	  9.000000	 0.379308	0.379308	
 6.250000	  9.000000	 0.390356	0.390356	
 6.500000	  9.000000	 0.376736	0.376736	
 6.750000	  9.000000	 0.36742	0.36742	
 7.000000	  9.000000	 0.372234	0.372234	
 7.250000	  9.000000	 0.378081	0.378081	
 7.500000	  9.000000	 0.37703	0.37703	
 7.750000	  9.000000	 0.373987	0.373987	
 8.000000	  9.000000	 0.373869	0.373869	
 8.250000	  9.000000	 0.375246	0.375246	
 8.500000	  9.000000	 0.375533	0.375533	
 8.750000	  9.000000	 0.374979	0.374979	
 9.000000	  9.000000	 0.374785	0.374785	
 9.250000	  9.000000	 0.37498	0.37498	
 9.500000	  9.000000	 0.375043	0.375043	

 0.000000	  9.250000	 0.364228	0.364228	
 0.250000	  9.250000	 0.374146	0.374146	
 0.500000	  9.250000	 0.390664	0.390664	
 0.750000	  9.250000	 0.384622	0.384622	
 1.000000	  9.250000	 0.354205	0.354205	
 1.250000	  9.250000	 0.338926	0.338926	
 1.500000	  9.250000	 0.374441	0.374441	
 1.750000	  9.250000	 0.431741	0.431741	
 2.000000	  9.250000	 0.409092	0.409092	
 2.250000	  9.250000	 0.338723	0.338723	
 2.500000	  9.250000	 0.287675	0.287675	
 2.750000	  9.250000	 0.272978	0.272978	
 3.000000	  9.250000	 0.30774	0.30774	
 3.250000	  9.250000	 0.329451	0.329451	
 3.500000	  9.250000	 0.331085	0.331085	
 3.750000	  9.250000	 0.310095	0.310095	
 4.000000	  9.250000	 0.27281	0.27281	
 4.250000	  9.250000	 0.284764	0.284764	
 4.500000	  9.250000	 0.335709	0.335709	
 4.750000	  9.250000	 0.410039	0.410039	
 5.000000	  9.250000	 0.437631	0.437631	
 5.250000	  9.250000	 0.381118	0.381118	
 5.500000	  9.250000	 0.344224	0.344224	
 5.750000	  9.250000	 0.357374	0.357374	
 6.000000	  9.250000	 0.383937	0.383937	
 6.250000	  9.250000	 0.387493	0.387493	
 6.500000	  9.250000	 0.374462	0.374462	
 6.750000	  9.250000	 0.36915	0.36915	
 7.000000	  9.250000	 0.373758	0.373758	
 7.250000	  9.250000	 0.377281	0.377281	
 7.500000	  9.250000	 0.375947	0.375947	
 7.750000	  9.250000	 0.374187	0.374187	
 8.000000	  9.250000	 0.374527	0.374527	
 8.250000	  9.250000	 0.375302	0.375302	
 8.500000	  9.250000	 0.375197	0.375197	
 8.750000	  9.250000	 0.374864	0.374864	
 9.000000	  9.250000	 0.374931	0.374931	
 9.250000	  9.250000	 0.375081	0.375081	
 9.500000	  9.250000	 0.374988	0.374988	

 0.000000	  9.500000	 0.366715	0.366715	
 0.250000	  9.500000	 0.36885	0.36885	
 0.500000	  9.500000	 0.374991	0.374991	
 0.750000	  9.500000	 0.377408	0.377408	
 1.000000	  9.500000	 0.366457	0.366457	
 1.250000	  9.500000	 0.353311	0.353311	
 1.500000	  9.500000	 0.363972	0.363972	
 1.750000	  9.500000	 0.40706	0.40706	
 2.000000	  9.500000	 0.429851	0.429851	
 2.250000	  9.500000	 0.384528	0.384528	
 2.500000	  9.500000	 0.314566	0.314566	
 2.750000	  9.500000	 0.256641	0.256641	
 3.000000	  9.500000	 0.230752	0.230752	
 3.250000	  9.500000	 0.227004	0.227004	
 3.500000	  9.500000	 0.228062	0.228062	
 3.750000	  9.500000	 0.232995	0.232995	
 4.000000	  9.500000	 0.258298	0.258298	
 4.250000	  9.500000	 0.313975	0.313975	
 4.500000	  9.500000	 0.381423	0.381423	
 4.750000	  9.500000	 0.426495	0.426495	
 5.000000	  9.500000	 0.405903	0.405903	
 5.250000	  9.500000	 0.364895	0.364895	
 5.500000	  9.500000	 0.356123	0.356123	
 5.750000	  9.500000	 0.371366	0.371366	
 6.000000	  9.500000	 0.382735	0.382735	
 6.250000	  9.500000	 0.378401	0.378401	
 6.500000	  9.500000	 0.371922	0.371922	
 6.750000	  9.500000	 0.373061	0.373061	
 7.000000	  9.500000	 0.376367	0.376367	
 7.250000	  9.500000	 0.376096	0.376096	
 7.500000	  9.500000	 0.374274	0.374274	
 7.750000	  9.500000	 0.37429	0.37429	
 8.000000	  9.500000	 0.375375	0.375375	
 8.250000	  9.500000	 0.375474	0.375474	
 8.500000	  9.500000	 0.374834	0.374834	
 8.750000	  9.500000	 0.37469	0.37469	
 9.000000	  9.500000	 0.375066	0.375066	
 9.250000	  9.500000	 0.375202	0.375202	
 9.500000	  9.500000	 0.374936	0.374936	

 0.000000	  9.750000	 0.378863	0.378863	
 0.250000	  9.750000	 0.373184	0.373184	
 0.500000	  9.750000	 0.36792	0.36792	
 0.750000	  9.750000	 0.376393	0.376393	
 1.000000	  9.750000	 0.387831	0.387831	
 1.250000	  9.750000	 0.382159	0.382159	
 1.500000	  9.750000	 0.363513	0.363513	
 1.750000	  9.750000	 0.356263	0.356263	
 2.000000	  9.750000	 0.373364	0.373364	
 2.250000	  9.750000	 0.396362	0.396362	
 2.500000	  9.750000	 0.398689	0.398689	
 2.750000	  9.750000	 0.379167	0.379167	
 3.000000	  9.750000	 0.357108	0.357108	
 3.250000	  9.750000	 0.347548	0.347548	
 3.500000	  9.750000	 0.347447	0.347447	
 3.750000	  9.750000	 0.357193	0.357193	
 4.000000	  9.750000	 0.379938	0.379938	
 4.250000	  9.750000	 0.399783	0.399783	
 4.500000	  9.750000	 0.396932	0.396932	
 4.750000	  9.750000	 0.373084	0.373084	
 5.000000	  9.750000	 0.354919	0.354919	
 5.250000	  9.750000	 0.360913	0.360913	
 5.500000	  9.750000	 0.379649	0.379649	
 5.750000	  9.750000	 0.388054	0.388054	
 6.000000	  9.750000	 0.378804	0.378804	
 6.250000	  9.750000	 0.36814	0.36814	
 6.500000	  9.750000	 0.369566	0.369566	
 6.750000	  9.750000	 0.377094	0.377094	
 7.000000	  9.750000	 0.379021	0.379021	
 7.250000	  9.750000	 0.375105	0.375105	
 7.500000	  9.750000	 0.372723	0.372723	
 7.750000	  9.750000	 0.374279	0.374279	
 8.000000	  9.750000	 0.376085	0.376085	
 8.250000	  9.750000	 0.37567	0.37567	
 8.500000	  9.750000	 0.374561	0.374561	
 8.750000	  9.750000	 0.374532	0.374532	
 9.000000	  9.750000	 0.375157	0.375157	
 9.250000	  9.750000	 0.375298	0.375298	
 9.500000	  9.750000	 0.374901	0.374901	

 0.000000	 10.000000	 0.386437	0.386437	
 0.250000	 10.000000	 0.377261	0.377261	
 0.500000	 10.000000	 0.366754	0.366754	
 0.750000	 10.000000	 0.377122	0.377122	
 1.000000	 10.000000	 0.398423	0.398423	
 1.250000	 10.000000	 0.396508	0.396508	
 1.500000	 10.000000	 0.363916	0.363916	
 1.750000	 10.000000	 0.332804	0.332804	
 2.000000	 10.000000	 0.335515	0.335515	
 2.250000	 10.000000	 0.383258	0.383258	
 2.500000	 10.000000	 0.460592	0.460592	
 2.750000	 10.000000	 0.519594	0.519594	
 3.000000	 10.000000	 0.520119	0.520119	
 3.250000	 10.000000	 0.492943	0.492943	
 3.500000	 10.000000	 0.491473	0.491473	
 3.750000	 10.000000	 0.517128	0.517128	
 4.000000	 10.000000	 0.518244	0.518244	
 4.250000	 10.000000	 0.462092	0.462092	
 4.500000	 10.000000	 0.385996	0.385996	
 4.750000	 10.000000	 0.337698	0.337698	
 5.000000	 10.000000	 0.333038	0.333038	
 5.250000	 10.000000	 0.361117	0.361117	
 5.500000	 10.000000	 0.391909	0.391909	
 5.750000	 10.000000	 0.395831	0.395831	
 6.000000	 10.000000	 0.376795	0.376795	
 6.250000	 10.000000	 0.363687	0.363687	
 6.500000	 10.000000	 0.368567	0.368567	
 6.750000	 10.000000	 0.378802	0.378802	
 7.000000	 10.000000	 0.380158	0.380158	
 7.250000	 10.000000	 0.374727	0.374727	
 7.500000	 10.000000	 0.372092	0.372092	
 7.750000	 10.000000	 0.374253	0.374253	
 8.000000	 10.000000	 0.376361	0.376361	
 8.250000	 10.000000	 0.375755	0.375755	
 8.500000	 10.000000	 0.37446	0.37446	
 8.750000	 10.000000	 0.374469	0.374469	
 9.000000	 10.000000	 0.375189	0.375189	
 9.250000	 10.000000	 0.375335	0.375335	
 9.500000	 10.000000	 0.374888	0.374888	

