DENSITY
WJDCFIELD
 0.000000	 0	0	0.865598	0.000622806	2.3305	688.013	
 0.100000	 0	0	0.865598	0.000622805	2.3305	688.013	
 0.200000	 0	0	0.865598	0.000622805	2.33052	688.014	
 0.300000	 0	0	0.865601	0.000622806	2.33055	688.016	
 0.400000	 0	0	0.865608	0.00062281	2.33058	688.021	
 0.500000	 0	0	0.865617	0.000622816	2.33061	688.029	
 0.600000	 0	0	0.865626	0.000622821	2.33062	688.036	
 0.700000	 0	0	0.865629	0.000622823	2.33061	688.038	
 0.800000	 0	0	0.865622	0.00062282	2.33057	688.032	
 0.900000	 0	0	0.865605	0.00062281	2.33051	688.019	
 1.000000	 0	0	0.865584	0.000622798	2.33046	688.003	
 1.100000	 0	0	0.865569	0.000622788	2.33043	687.99	
 1.200000	 0	0	0.865567	0.000622787	2.33045	687.989	
 1.300000	 0	0	0.865583	0.000622795	2.33052	688.002	
 1.400000	 0	0	0.865613	0.000622813	2.3306	688.026	
 1.500000	 0	0	0.865645	0.000622832	2.33068	688.051	
 1.600000	 0	0	0.865665	0.000622844	2.33071	688.067	
 1.700000	 0	0	0.86566	0.000622842	2.33067	688.063	
 1.800000	 0	0	0.86563	0.000622825	2.33057	688.039	
 1.900000	 0	0	0.865584	0.000622798	2.33044	688.002	
 2.000000	 0	0	0.86554	0.000622772	2.33034	687.968	
 2.100000	 0	0	0.865521	0.000622759	2.33032	687.952	
 2.200000	 0	0	0.865538	0.000622768	2.3304	687.966	
 2.300000	 0	0	0.865588	0.000622798	2.33056	688.006	
 2.400000	 0	0	0.865654	0.000622837	2.33073	688.058	
 2.500000	 0	0	0.865707	0.000622869	2.33085	688.101	
 2.600000	 0	0	0.865721	0.000622878	2.33084	688.111	
 2.700000	 0	0	0.865684	0.000622857	2.3307	688.082	
 2.800000	 0	0	0.865605	0.000622811	2.33047	688.019	
 2.900000	 0	0	0.865517	0.000622759	2.33025	687.949	
 3.000000	 0	0	0.865458	0.000622723	2.33013	687.902	
 3.100000	 0	0	0.865459	0.000622722	2.33019	687.903	
 3.200000	 0	0	0.865528	0.000622761	2.33042	687.958	
 3.300000	 0	0	0.865642	0.000622828	2.33074	688.048	
 3.400000	 0	0	0.865754	0.000622895	2.33101	688.138	
 3.500000	 0	0	0.865813	0.000622931	2.3311	688.184	
 3.600000	 0	0	0.865784	0.000622917	2.33095	688.161	
 3.700000	 0	0	0.86567	0.000622851	2.3306	688.071	
 3.800000	 0	0	0.865512	0.000622757	2.33017	687.945	
 3.900000	 0	0	0.865377	0.000622676	2.32987	687.838	
 4.000000	 0	0	0.86533	0.000622646	2.32984	687.801	
 4.100000	 0	0	0.865404	0.000622688	2.33013	687.86	
 4.200000	 0	0	0.86558	0.00062279	2.33064	687.999	
 4.300000	 0	0	0.86579	0.000622914	2.33118	688.166	
 4.400000	 0	0	0.865942	0.000623006	2.3315	688.287	
 4.500000	 0	0	0.865958	0.00062302	2.33142	688.3	
 4.600000	 0	0	0.865815	0.000622938	2.33093	688.186	
 4.700000	 0	0	0.865558	0.000622788	2.3302	687.982	
 4.800000	 0	0	0.865291	0.000622629	2.32954	687.77	
 4.900000	 0	0	0.865135	0.000622533	2.32927	687.646	
 5.000000	 0	0	0.865175	0.000622552	2.32954	687.678	
 5.100000	 0	0	0.865418	0.000622692	2.33031	687.871	
 5.200000	 0	0	0.865778	0.000622904	2.33129	688.157	
 5.300000	 0	0	0.866103	0.000623098	2.33204	688.415	
 5.400000	 0	0	0.866241	0.000623185	2.33221	688.525	
 5.500000	 0	0	0.866104	0.00062311	2.33163	688.416	
 5.600000	 0	0	0.865722	0.000622888	2.33049	688.112	
 5.700000	 0	0	0.865239	0.000622603	2.32923	687.728	
 5.800000	 0	0	0.864865	0.000622377	2.32842	687.431	
 5.900000	 0	0	0.864784	0.000622322	2.32848	687.366	
 6.000000	 0	0	0.86507	0.000622484	2.32951	687.594	
 6.100000	 0	0	0.865638	0.000622815	2.33113	688.045	
 6.200000	 0	0	0.866261	0.000623186	2.3327	688.541	
 6.300000	 0	0	0.866662	0.000623431	2.33347	688.859	
 6.400000	 0	0	0.866627	0.000623421	2.33299	688.832	
 6.500000	 0	0	0.866119	0.00062313	2.33134	688.428	
 6.600000	 0	0	0.865313	0.000622656	2.32912	687.787	
 6.700000	 0	0	0.864542	0.000622196	2.32728	687.174	
 6.800000	 0	0	0.864163	0.000621961	2.32672	686.873	
 6.900000	 0	0	0.864398	0.000622087	2.32784	687.06	
 7.000000	 0	0	0.865217	0.000622561	2.33034	687.711	
 7.100000	 0	0	0.866316	0.00062321	2.33326	688.584	
 7.200000	 0	0	0.867226	0.000623758	2.3353	689.308	
 7.300000	 0	0	0.867505	0.000623941	2.33541	689.529	
 7.400000	 0	0	0.866946	0.000623629	2.3333	689.085	
 7.500000	 0	0	0.865703	0.000622906	2.32968	688.097	
 7.600000	 0	0	0.864263	0.000622053	2.32602	686.952	
 7.700000	 0	0	0.863261	0.000621446	2.32399	686.156	
 7.800000	 0	0	0.863209	0.000621394	2.32472	686.114	
 7.900000	 0	0	0.864248	0.00062199	2.32822	686.941	
 8.000000	 0	0	0.866041	0.000623043	2.33324	688.365	
 8.100000	 0	0	0.867858	0.00062413	2.33767	689.81	
 8.200000	 0	0	0.868867	0.000624755	2.33939	690.612	
 8.300000	 0	0	0.8685	0.000624574	2.33728	690.32	
 8.400000	 0	0	0.866758	0.000623574	2.33184	688.936	
 8.500000	 0	0	0.864275	0.000622118	2.32518	686.962	
 8.600000	 0	0	0.862097	0.000620819	2.32018	685.231	
 8.700000	 0	0	0.861256	0.000620293	2.31936	684.563	
 8.800000	 0	0	0.862299	0.00062088	2.32359	685.392	
 8.900000	 0	0	0.864988	0.000622456	2.3316	687.528	
 9.000000	 0	0	0.868299	0.00062443	2.34021	690.16	
 9.100000	 0	0	0.870787	0.00062595	2.34552	692.138	
 9.200000	 0	0	0.871196	0.000626265	2.34468	692.463	
 9.300000	 0	0	0.86908	0.000625088	2.33735	690.781	
 9.400000	 0	0	0.865109	0.000622793	2.32612	687.625	
 9.500000	 0	0	0.860885	0.000620312	2.31571	684.267	
 9.600000	 0	0	0.858301	0.000618767	2.31098	682.213	
 9.700000	 0	0	0.858725	0.000618993	2.31478	682.551	
 9.800000	 0	0	0.862343	0.000621129	2.32652	685.426	
 9.900000	 0	0	0.867915	0.00062447	2.34189	689.855	
10.000000	 0	0	0.873132	0.000627664	2.35433	694.002	
10.100000	 0	0	0.875524	0.000629246	2.35773	695.903	
10.200000	 0	0	0.873617	0.000628319	2.34946	694.387	
10.300000	 0	0	0.867779	0.000625055	2.33204	689.747	
10.400000	 0	0	0.860244	0.000620739	2.31251	683.758	
10.500000	 0	0	0.854243	0.00061728	2.2996	678.989	
10.600000	 0	0	0.852656	0.00061642	2.30004	677.727	
10.700000	 0	0	0.856735	0.000618957	2.31546	680.969	
10.800000	 0	0	0.865374	0.000624291	2.34104	687.836	
10.900000	 0	0	0.875229	0.000630478	2.36659	695.668	
11.000000	 0	0	0.881866	0.000634907	2.38042	700.944	
11.100000	 0	0	0.88173	0.000635449	2.37483	700.836	
11.200000	 0	0	0.874052	0.000631579	2.35047	694.733	
11.300000	 0	0	0.86155	0.000624828	2.31693	684.796	
11.400000	 0	0	0.849401	0.000618242	2.28893	675.14	
11.500000	 0	0	0.843059	0.00061513	2.28013	670.099	
11.600000	 0	0	0.845992	0.000617683	2.29746	672.43	
11.700000	 0	0	0.858092	0.00062597	2.33752	682.047	
11.800000	 0	0	0.875164	0.000637593	2.38628	695.617	
11.900000	 0	0	0.889958	0.000648295	2.42335	707.376	
12.000000	 1.72727e-15	0	0.895051	0.000653653	2.43086	711.424	
12.100000	 3.76703e-15	0	0.886716	0.000651338	2.4034	704.799	
12.200000	 7.29608e-15	0	0.867391	0.000642633	2.35242	689.439	
12.300000	 1.28991e-14	0	0.844882	0.000632139	2.30181	671.547	
12.400000	 2.15423e-14	0	0.828832	0.000625839	2.27773	658.79	
12.500000	 3.51289e-14	0	0.82677	0.000628701	2.29862	657.152	
12.600000	 5.73333e-14	0	0.84125	0.00064277	2.36822	668.661	
12.700000	 9.46409e-14	0	0.868263	0.000666021	2.47207	690.132	
12.800000	 1.56987e-13	0	0.897295	0.00069228	2.57916	713.208	
12.900000	 2.56478e-13	0	0.914483	0.000713055	2.65297	726.869	
13.000000	 4.0341e-13	0	0.909399	0.000721546	2.67116	722.829	
13.100000	 6.03279e-13	0	0.881799	0.000716942	2.64213	700.891	
13.200000	 8.62011e-13	0	0.842621	0.000705727	2.6049	669.751	
13.300000	 1.20152e-12	9.07856e-15	0.808283	0.000698995	2.61407	642.457	
13.400000	 1.68065e-12	1.20753e-13	0.793297	0.000708066	2.72305	630.546	
13.500000	 2.42007e-12	1.6903e-12	0.805482	0.000740942	2.97402	640.231	
13.600000	 3.63624e-12	2.10353e-11	0.843414	0.000799756	3.39044	670.381	
13.700000	 5.68017e-12	2.08222e-10	0.894532	0.000878486	3.96714	711.012	
13.800000	 9.03962e-12	1.56561e-09	0.936169	0.000962378	4.66748	744.106	
13.900000	 1.42283e-11	9.00495e-09	0.944549	0.00103291	5.45179	750.767	
14.000000	 2.15795e-11	4.16086e-08	0.909971	0.00107898	6.3481	723.283	
14.100000	 3.12346e-11	1.67412e-07	0.845055	0.00110702	7.54915	671.685	
14.200000	 4.36835e-11	6.45904e-07	0.777014	0.00114198	9.54256	617.603	
14.300000	 6.0796e-11	2.60218e-06	0.732608	0.00122075	13.3927	582.307	
14.400000	 8.7162e-11	1.13756e-05	0.729021	0.00138613	21.4817	579.457	
14.500000	 1.32485e-10	5.23021e-05	0.771526	0.00168257	39.2794	613.241	
14.600000	 2.18467e-10	0.000232062	0.850029	0.00214314	78.7841	675.639	
14.700000	 4.02339e-10	0.000902732	0.933121	0.00275658	163.141	741.684	
14.800000	 8.42666e-10	0.0028912	0.973643	0.00343366	329.162	773.892	
14.900000	 1.89463e-09	0.00754092	0.936644	0.00402587	624.82	744.484	
15.000000	 4.12078e-09	0.0165495	0.826116	0.00440789	1108.37	656.632	
15.100000	 8.27453e-09	0.0322802	0.678447	0.00455009	1866.69	539.258	
15.200000	 1.57988e-08	0.0593013	0.533008	0.00451716	3067.26	423.657	
15.300000	 3.08053e-08	0.107529	0.411651	0.00440876	5033.54	327.198	
15.400000	 6.61014e-08	0.19645	0.31708	0.00429065	8256.24	252.029	
15.500000	 1.61482e-07	0.354581	0.24112	0.00414873	13070.1	191.653	
15.600000	 4.32186e-07	0.594857	0.174559	0.00389216	18710.7	138.747	
15.700000	 1.15645e-06	0.856554	0.114841	0.00343295	22628.1	91.2805	
15.800000	 2.83671e-06	0.999585	0.0667218	0.00280206	22259	53.0333	
15.900000	 6.15819e-06	0.94322	0.0346189	0.00215726	17984	27.5165	
16.000000	 1.21629e-05	0.762972	0.0168951	0.00165486	12566.8	13.429	
16.100000	 2.35033e-05	0.586731	0.00836731	0.00136439	8194.44	6.65069	
16.200000	 4.85478e-05	0.484662	0.00454808	0.0013056	5397.61	3.61501	
16.300000	 0.000115197	0.475134	0.00287625	0.00153409	3802.47	2.28616	
16.400000	 0.000322206	0.566212	0.00215492	0.00224752	2901.58	1.71282	
16.500000	 0.00102665	0.760673	0.0018589	0.00397242	2316.76	1.47753	
16.600000	 0.00342674	1.00915	0.00173436	0.00790846	1816.33	1.37854	
16.700000	 0.0107658	1.16763	0.00162449	0.016353	1305.95	1.29121	
16.800000	 0.0289613	1.08832	0.00143202	0.0327402	814.512	1.13823	
16.900000	 0.0637398	0.798564	0.00114574	0.0609099	427.082	0.91068	
17.000000	 0.1171	0.477099	0.000831582	0.104683	188.94	0.660977	
17.100000	 0.191861	0.250334	0.000561657	0.169347	73.3432	0.446429	
17.200000	 0.300834	0.125268	0.000363819	0.263729	26.3616	0.289179	
17.300000	 0.468639	0.062588	0.000229504	0.398364	9.08543	0.182419	
17.400000	 0.716079	0.0307783	0.000140058	0.575432	3.00262	0.111324	
17.500000	 1.01574	0.0140263	8.10479e-05	0.773443	0.93239	0.0644203	
17.600000	 1.24998	0.00552487	4.37129e-05	0.944389	0.26798	0.0347448	
17.700000	 1.2769	0.00178641	2.19248e-05	1.03879	0.0715586	0.0174267	
17.800000	 1.09206	0.00046478	1.04169e-05	1.04188	0.0181905	0.00827979	
17.900000	 0.846009	9.99229e-05	4.89609e-06	0.987118	0.004625	0.00389162	
18.000000	 0.679309	1.9366e-05	2.4355e-06	0.935531	0.00127447	0.00193584	
18.100000	 0.63487	3.86716e-06	1.37849e-06	0.943269	0.000418724	0.00109568	
18.200000	 0.705187	9.00994e-07	9.25943e-07	1.04621	0.000175543	0.000735979	
18.300000	 0.871731	2.56722e-07	7.31062e-07	1.25832	9.44383e-05	0.000581079	
18.400000	 1.08493	8.48174e-08	6.4628e-07	1.56265	6.20506e-05	0.00051369	
18.500000	 1.2394	2.90267e-08	6.0464e-07	1.90006	4.65148e-05	0.000480593	
18.600000	 1.23067	9.18678e-09	5.75025e-07	2.18758	3.75834e-05	0.000457054	
18.700000	 1.06759	2.48906e-09	5.48348e-07	2.37698	3.1684e-05	0.00043585	
18.800000	 0.868461	5.62699e-10	5.3191e-07	2.50671	2.78171e-05	0.000422784	
18.900000	 0.736664	1.09392e-10	5.42859e-07	2.69469	2.61441e-05	0.000431487	
19.000000	 0.701656	1.98079e-11	6.02526e-07	3.09563	2.73468e-05	0.000478913	
19.100000	 0.751715	3.73448e-12	7.35304e-07	3.88101	3.25062e-05	0.00058445	
19.200000	 0.861898	8.15943e-13	9.68631e-07	5.23719	4.3219e-05	0.000769909	
19.300000	 0.990006	2.16126e-13	1.32471e-06	7.31466	6.12799e-05	0.00105294	
19.400000	 1.07396	6.56707e-14	1.79621e-06	10.0661	8.71521e-05	0.0014277	
19.500000	 1.06538	2.02895e-14	2.31703e-06	13.0493	0.000117423	0.00184167	
19.600000	 0.976797	5.6803e-15	2.77185e-06	15.5108	0.000144282	0.00220318	
19.700000	 0.868324	1.34749e-15	3.06809e-06	16.9036	0.00016043	0.00243865	
19.800000	 0.786022	0	3.20101e-06	17.3059	0.000165219	0.00254429	
19.900000	 0.740083	0	3.23515e-06	17.2279	0.000164086	0.00257144	
20.000000	 0.72572	0	3.23783e-06	17.1435	0.000162935	0.00257357	

