0  2 -1 -1 1 -1        
1  2 0 -1 2 -1        
2  2 1 -1 3 -1       
3  2 2 -1 4 -1
4  2 3 -1 5 -1
5  2 4 -1 6 -1
6  2 5 -1 7 -1
7  2 6 -1 8 -1
8  2 7 -1 9 -1
9  2 8 -1 10 -1
10 2 9 -1 11 -1
11 2 10 -1 12 -1
12 2 11 -1 13 -1
13 2 12 -1 14 -1
14 2 13 -1 15 -1
15 2 14 -1 16 -1
16 2 15 -1 17 -1
17  3 16 -1 18 -1 20 -1
18  2 17 -1 19 -1
19  2 18 -1 -1 -1
20  2 17 -1 21 -1
21  2 20 -1 22 -1
22  2 21 -1 23 -1
23  2 22 -1 24 -1
24  2 23 -1 25 -1
25  2 24 -1 26 -1
26  2 25 -1 27 -1
27  2 26 -1 28 -1
28  2 27 -1 29 -1
29  2 28 -1 30 -1
30  2 29 -1 31 -1
31  2 30 -1 32 -1
32  2 31 -1 33 -1
33  2 32 -1 34 -1 
34  2 33 -1 35 -1
35  2 34 -1 -1 -1

0  2 -1 -1 -1 -1
